1.000000000000000000e+03 7.985999999999999766e-01 7.980000000000000426e-01 7.859000000000000430e-01 8.004999999999999893e-01 7.982000000000000206e-01
1.010000000000000000e+03 7.842000000000000082e-01 7.520999999999999908e-01 7.788000000000000478e-01 7.671999999999999931e-01 7.964999999999999858e-01
1.020000000000000000e+03 7.990000000000000435e-01 8.057999999999999607e-01 8.030000000000000471e-01 7.869000000000000439e-01 8.036999999999999700e-01
1.030000000000000000e+03 8.201000000000000512e-01 8.192000000000000393e-01 8.282000000000000473e-01 7.904999999999999805e-01 8.379999999999999671e-01
1.040000000000000000e+03 8.178999999999999604e-01 8.195999999999999952e-01 8.135999999999999899e-01 8.246999999999999886e-01 8.185999999999999943e-01
1.050000000000000000e+03 8.441999999999999504e-01 8.319999999999999618e-01 8.320999999999999508e-01 8.326000000000000068e-01 8.309999999999999609e-01
1.060000000000000000e+03 8.256000000000000005e-01 8.379999999999999671e-01 8.300999999999999490e-01 8.546000000000000263e-01 8.497000000000000108e-01
1.070000000000000000e+03 8.406000000000000139e-01 8.464000000000000412e-01 8.379999999999999671e-01 8.394000000000000350e-01 8.387000000000000011e-01
1.080000000000000000e+03 8.377000000000000002e-01 8.467999999999999972e-01 8.250999999999999446e-01 8.479999999999999760e-01 8.388999999999999790e-01
1.090000000000000000e+03 8.490999999999999659e-01 8.524000000000000465e-01 8.352000000000000535e-01 8.368999999999999773e-01 8.550999999999999712e-01
1.100000000000000000e+03 8.556000000000000272e-01 8.397000000000000020e-01 8.510999999999999677e-01 8.477999999999999980e-01 8.618999999999999995e-01
1.110000000000000000e+03 8.607000000000000206e-01 8.574000000000000510e-01 8.522999999999999465e-01 8.376000000000000112e-01 8.568999999999999950e-01
1.120000000000000000e+03 8.566000000000000281e-01 8.524000000000000465e-01 8.367999999999999883e-01 8.560999999999999721e-01 8.679999999999999938e-01
1.130000000000000000e+03 8.649000000000000021e-01 8.639999999999999902e-01 8.461999999999999522e-01 8.558999999999999941e-01 8.668000000000000149e-01
1.140000000000000000e+03 8.642999999999999572e-01 8.326000000000000068e-01 8.366000000000000103e-01 8.566000000000000281e-01 8.566000000000000281e-01
1.150000000000000000e+03 8.635000000000000453e-01 8.410999999999999588e-01 8.434000000000000385e-01 8.450999999999999623e-01 8.336000000000000076e-01
1.160000000000000000e+03 8.630999999999999783e-01 8.537000000000000144e-01 8.539999999999999813e-01 8.719999999999999973e-01 8.651999999999999691e-01
1.170000000000000000e+03 8.788000000000000256e-01 8.599999999999999867e-01 8.488999999999999879e-01 8.660999999999999810e-01 8.618000000000000105e-01
1.180000000000000000e+03 8.685000000000000497e-01 8.430999999999999606e-01 8.514000000000000457e-01 8.740999999999999881e-01 8.722999999999999643e-01
1.190000000000000000e+03 8.852999999999999758e-01 8.728000000000000203e-01 8.618000000000000105e-01 8.821999999999999842e-01 8.769000000000000128e-01
1.200000000000000000e+03 8.808000000000000274e-01 8.720999999999999863e-01 8.575000000000000400e-01 8.671999999999999709e-01 8.862999999999999767e-01
1.210000000000000000e+03 8.842999999999999750e-01 8.617000000000000215e-01 8.679000000000000048e-01 8.722999999999999643e-01 8.728000000000000203e-01
1.220000000000000000e+03 8.750000000000000000e-01 8.715000000000000524e-01 8.770000000000000018e-01 8.706000000000000405e-01 8.750999999999999890e-01
1.230000000000000000e+03 8.789000000000000146e-01 8.783999999999999586e-01 8.736000000000000432e-01 8.824999999999999512e-01 8.730999999999999872e-01
1.240000000000000000e+03 8.761999999999999789e-01 8.633999999999999453e-01 8.741999999999999771e-01 8.800999999999999934e-01 8.912999999999999812e-01
1.250000000000000000e+03 8.817000000000000393e-01 8.820999999999999952e-01 8.819000000000000172e-01 8.819000000000000172e-01 8.907000000000000473e-01
1.260000000000000000e+03 8.830000000000000071e-01 8.762999999999999678e-01 8.771999999999999797e-01 8.787000000000000366e-01 8.823999999999999622e-01
1.270000000000000000e+03 8.742999999999999661e-01 8.682999999999999607e-01 8.767000000000000348e-01 8.750999999999999890e-01 8.625000000000000444e-01
1.280000000000000000e+03 8.710999999999999854e-01 8.628000000000000114e-01 8.837000000000000410e-01 8.824999999999999512e-01 8.725000000000000533e-01
1.290000000000000000e+03 8.782999999999999696e-01 8.679999999999999938e-01 8.847000000000000419e-01 8.789000000000000146e-01 8.750000000000000000e-01
1.300000000000000000e+03 8.864999999999999547e-01 8.849000000000000199e-01 8.786000000000000476e-01 8.830999999999999961e-01 8.778000000000000247e-01
1.310000000000000000e+03 8.948000000000000398e-01 8.827000000000000401e-01 8.875999999999999446e-01 8.768000000000000238e-01 8.832999999999999741e-01
1.320000000000000000e+03 8.878000000000000336e-01 8.900000000000000133e-01 8.870000000000000107e-01 8.965999999999999526e-01 8.830999999999999961e-01
1.330000000000000000e+03 8.960000000000000187e-01 8.877000000000000446e-01 8.812999999999999723e-01 8.861999999999999877e-01 8.914999999999999591e-01
1.340000000000000000e+03 8.904999999999999583e-01 8.828000000000000291e-01 8.905999999999999472e-01 8.887000000000000455e-01 8.964999999999999636e-01
1.350000000000000000e+03 8.931999999999999940e-01 8.830000000000000071e-01 8.881999999999999895e-01 8.927000000000000490e-01 8.922999999999999821e-01
1.360000000000000000e+03 8.830999999999999961e-01 8.824999999999999512e-01 8.902999999999999803e-01 8.881999999999999895e-01 8.977000000000000535e-01
1.370000000000000000e+03 8.968000000000000416e-01 8.892999999999999794e-01 8.955999999999999517e-01 8.867000000000000437e-01 8.929000000000000270e-01
1.380000000000000000e+03 8.898000000000000353e-01 8.877000000000000446e-01 8.921000000000000041e-01 8.934999999999999609e-01 9.040000000000000258e-01
1.390000000000000000e+03 8.939000000000000279e-01 8.915999999999999481e-01 8.941999999999999948e-01 8.942999999999999838e-01 8.879000000000000226e-01
1.400000000000000000e+03 8.901999999999999913e-01 8.982999999999999874e-01 8.871999999999999886e-01 8.949000000000000288e-01 8.919000000000000261e-01
1.410000000000000000e+03 8.981000000000000094e-01 8.747000000000000330e-01 8.824999999999999512e-01 8.849000000000000199e-01 9.034999999999999698e-01
1.420000000000000000e+03 9.050000000000000266e-01 8.888000000000000345e-01 8.903999999999999693e-01 8.842999999999999750e-01 9.015999999999999570e-01
1.430000000000000000e+03 8.983999999999999764e-01 8.866000000000000547e-01 8.931999999999999940e-01 8.934999999999999609e-01 8.973999999999999755e-01
1.440000000000000000e+03 8.933999999999999719e-01 8.981000000000000094e-01 8.763999999999999568e-01 8.920000000000000151e-01 8.950000000000000178e-01
1.450000000000000000e+03 8.981000000000000094e-01 8.910000000000000142e-01 8.924999999999999600e-01 8.868000000000000327e-01 9.039000000000000368e-01
1.460000000000000000e+03 8.992999999999999883e-01 8.908000000000000362e-01 8.919000000000000261e-01 8.915999999999999481e-01 9.042000000000000037e-01
1.470000000000000000e+03 9.070000000000000284e-01 8.988000000000000433e-01 8.969000000000000306e-01 9.031000000000000139e-01 8.995999999999999552e-01
1.480000000000000000e+03 9.002000000000000002e-01 8.951000000000000068e-01 9.016999999999999460e-01 8.952999999999999847e-01 9.092999999999999972e-01
1.490000000000000000e+03 8.944999999999999618e-01 8.891999999999999904e-01 9.062999999999999945e-01 9.016999999999999460e-01 9.054999999999999716e-01
1.500000000000000000e+03 8.907000000000000473e-01 9.013999999999999790e-01 9.103999999999999870e-01 9.028000000000000469e-01 9.100000000000000311e-01
1.510000000000000000e+03 9.000000000000000222e-01 8.954999999999999627e-01 8.958000000000000407e-01 9.002999999999999892e-01 9.048000000000000487e-01
1.520000000000000000e+03 8.901000000000000023e-01 8.925999999999999490e-01 8.984999999999999654e-01 8.938000000000000389e-01 9.042000000000000037e-01
1.530000000000000000e+03 9.086999999999999522e-01 8.981000000000000094e-01 8.950000000000000178e-01 8.954999999999999627e-01 8.982999999999999874e-01
1.540000000000000000e+03 9.002999999999999892e-01 9.040000000000000258e-01 9.058000000000000496e-01 9.031000000000000139e-01 9.043999999999999817e-01
1.550000000000000000e+03 9.082999999999999963e-01 9.038000000000000478e-01 8.897000000000000464e-01 9.039000000000000368e-01 9.011000000000000121e-01
1.560000000000000000e+03 9.082999999999999963e-01 9.114999999999999769e-01 9.008000000000000451e-01 9.032000000000000028e-01 9.143999999999999906e-01
1.570000000000000000e+03 8.975999999999999535e-01 8.938000000000000389e-01 9.048000000000000487e-01 9.104999999999999760e-01 9.126999999999999558e-01
1.580000000000000000e+03 9.116999999999999549e-01 9.028000000000000469e-01 8.992999999999999883e-01 9.123999999999999888e-01 9.068000000000000504e-01
1.590000000000000000e+03 9.133000000000000007e-01 8.951999999999999957e-01 8.869000000000000217e-01 9.054999999999999716e-01 9.112000000000000099e-01
1.600000000000000000e+03 8.951999999999999957e-01 9.110000000000000320e-01 9.025999999999999579e-01 9.090000000000000302e-01 9.154999999999999805e-01
1.610000000000000000e+03 9.114999999999999769e-01 9.012999999999999901e-01 9.034999999999999698e-01 9.065999999999999615e-01 9.146999999999999575e-01
1.620000000000000000e+03 9.079000000000000403e-01 8.981999999999999984e-01 9.030000000000000249e-01 8.980000000000000204e-01 9.192000000000000171e-01
1.630000000000000000e+03 9.091000000000000192e-01 9.011000000000000121e-01 9.049000000000000377e-01 9.151000000000000245e-01 9.143000000000000016e-01
1.640000000000000000e+03 9.022000000000000020e-01 9.100000000000000311e-01 9.202000000000000179e-01 9.116999999999999549e-01 9.176999999999999602e-01
1.650000000000000000e+03 9.123999999999999888e-01 9.082999999999999963e-01 8.980000000000000204e-01 9.028000000000000469e-01 9.094999999999999751e-01
1.660000000000000000e+03 9.123999999999999888e-01 8.974999999999999645e-01 8.948000000000000398e-01 9.137999999999999456e-01 9.145999999999999686e-01
1.670000000000000000e+03 9.063999999999999835e-01 9.136999999999999567e-01 9.071000000000000174e-01 9.153999999999999915e-01 9.152000000000000135e-01
1.680000000000000000e+03 9.150000000000000355e-01 8.969000000000000306e-01 9.145999999999999686e-01 9.137999999999999456e-01 9.130000000000000338e-01
1.690000000000000000e+03 9.060000000000000275e-01 9.145999999999999686e-01 9.129000000000000448e-01 9.166999999999999593e-01 9.164999999999999813e-01
1.700000000000000000e+03 9.122000000000000108e-01 9.131000000000000227e-01 9.132000000000000117e-01 9.130000000000000338e-01 9.236999999999999655e-01
1.710000000000000000e+03 9.147999999999999465e-01 9.160000000000000364e-01 9.108000000000000540e-01 9.190000000000000391e-01 9.192000000000000171e-01
1.720000000000000000e+03 9.133999999999999897e-01 8.989000000000000323e-01 9.203999999999999959e-01 9.143000000000000016e-01 9.154999999999999805e-01
1.730000000000000000e+03 9.267999999999999572e-01 9.129000000000000448e-01 9.102000000000000091e-01 9.143999999999999906e-01 9.082999999999999963e-01
1.740000000000000000e+03 9.133999999999999897e-01 9.022000000000000020e-01 9.162000000000000144e-01 9.183000000000000052e-01 9.221000000000000307e-01
1.750000000000000000e+03 9.249000000000000554e-01 9.088000000000000522e-01 9.174999999999999822e-01 9.258999999999999453e-01 9.271000000000000352e-01
1.760000000000000000e+03 9.187999999999999501e-01 9.161000000000000254e-01 9.092000000000000082e-01 9.206999999999999629e-01 9.173999999999999932e-01
1.770000000000000000e+03 9.151000000000000245e-01 9.112000000000000099e-01 9.144999999999999796e-01 9.212000000000000188e-01 9.223999999999999977e-01
1.780000000000000000e+03 9.173000000000000043e-01 9.026999999999999469e-01 9.187999999999999501e-01 9.020000000000000240e-01 9.165999999999999703e-01
1.790000000000000000e+03 9.258999999999999453e-01 9.139000000000000457e-01 9.173000000000000043e-01 9.166999999999999593e-01 9.251000000000000334e-01
1.800000000000000000e+03 9.212000000000000188e-01 9.143999999999999906e-01 9.200000000000000400e-01 9.231000000000000316e-01 9.243999999999999995e-01
1.810000000000000000e+03 9.172000000000000153e-01 9.129000000000000448e-01 9.161000000000000254e-01 9.173999999999999932e-01 9.298999999999999488e-01
1.820000000000000000e+03 9.215999999999999748e-01 9.070000000000000284e-01 9.274999999999999911e-01 9.222000000000000197e-01 9.280000000000000471e-01
1.830000000000000000e+03 9.190000000000000391e-01 9.147999999999999465e-01 9.212000000000000188e-01 9.183999999999999941e-01 9.245999999999999774e-01
1.840000000000000000e+03 9.237999999999999545e-01 9.159000000000000474e-01 9.144999999999999796e-01 9.174999999999999822e-01 9.328999999999999515e-01
1.850000000000000000e+03 9.261000000000000343e-01 9.081000000000000183e-01 9.297999999999999599e-01 9.200000000000000400e-01 9.293000000000000149e-01
1.860000000000000000e+03 9.260000000000000453e-01 9.133000000000000007e-01 9.143000000000000016e-01 9.288999999999999480e-01 9.235999999999999766e-01
1.870000000000000000e+03 9.260000000000000453e-01 9.231000000000000316e-01 9.298999999999999488e-01 9.298999999999999488e-01 9.254000000000000004e-01
1.880000000000000000e+03 9.250000000000000444e-01 9.194999999999999840e-01 9.163000000000000034e-01 9.273000000000000131e-01 9.274999999999999911e-01
1.890000000000000000e+03 9.297999999999999599e-01 9.278999999999999471e-01 9.211000000000000298e-01 9.313000000000000167e-01 9.223999999999999977e-01
1.900000000000000000e+03 9.268999999999999462e-01 9.191000000000000281e-01 9.244999999999999885e-01 9.362000000000000322e-01 9.310000000000000497e-01
1.910000000000000000e+03 9.232000000000000206e-01 9.102999999999999980e-01 9.173000000000000043e-01 9.274000000000000021e-01 9.262000000000000233e-01
1.920000000000000000e+03 9.251000000000000334e-01 9.174999999999999822e-01 9.360000000000000542e-01 9.255999999999999783e-01 9.322000000000000286e-01
1.930000000000000000e+03 9.122000000000000108e-01 9.227999999999999536e-01 9.304000000000000048e-01 9.207999999999999519e-01 9.253000000000000114e-01
1.940000000000000000e+03 9.288999999999999480e-01 9.083999999999999853e-01 9.111000000000000210e-01 9.233999999999999986e-01 9.362000000000000322e-01
1.950000000000000000e+03 9.246999999999999664e-01 9.252000000000000224e-01 9.227999999999999536e-01 9.322000000000000286e-01 9.297999999999999599e-01
1.960000000000000000e+03 9.296999999999999709e-01 9.179000000000000492e-01 9.306999999999999718e-01 9.352000000000000313e-01 9.287999999999999590e-01
1.970000000000000000e+03 9.298999999999999488e-01 9.272000000000000242e-01 9.241000000000000325e-01 9.372000000000000330e-01 9.271000000000000352e-01
1.980000000000000000e+03 9.268999999999999462e-01 9.202000000000000179e-01 9.233000000000000096e-01 9.284999999999999920e-01 9.365999999999999881e-01
1.990000000000000000e+03 9.223000000000000087e-01 9.191000000000000281e-01 9.247999999999999554e-01 9.298999999999999488e-01 9.341000000000000414e-01
2.000000000000000000e+03 9.294999999999999929e-01 9.256999999999999673e-01 9.291000000000000369e-01 9.305999999999999828e-01 9.345999999999999863e-01
