0.000000000000000000e+00 1.433000000000000107e-01 1.010000000000000064e-01 9.840000000000000135e-02 7.929999999999999549e-02 1.142999999999999988e-01
1.000000000000000000e+01 1.277000000000000079e-01 1.915999999999999925e-01 1.643000000000000016e-01 1.135000000000000037e-01 1.544999999999999984e-01
2.000000000000000000e+01 2.376999999999999946e-01 1.135000000000000037e-01 2.641000000000000014e-01 1.857000000000000040e-01 1.197000000000000008e-01
3.000000000000000000e+01 2.959999999999999853e-01 2.540000000000000036e-01 2.629000000000000226e-01 2.165999999999999870e-01 1.565999999999999892e-01
4.000000000000000000e+01 3.563999999999999946e-01 1.996999999999999886e-01 2.320000000000000118e-01 2.467999999999999916e-01 1.700000000000000122e-01
5.000000000000000000e+01 3.342999999999999861e-01 1.900999999999999912e-01 2.640000000000000124e-01 2.225000000000000033e-01 2.028000000000000080e-01
6.000000000000000000e+01 3.706999999999999740e-01 1.942000000000000115e-01 3.382999999999999896e-01 3.015999999999999792e-01 2.230999999999999928e-01
7.000000000000000000e+01 3.709999999999999964e-01 2.348999999999999977e-01 3.181999999999999829e-01 3.033000000000000140e-01 2.550999999999999934e-01
8.000000000000000000e+01 3.650999999999999801e-01 2.560000000000000053e-01 2.822000000000000064e-01 3.266000000000000014e-01 2.417999999999999872e-01
9.000000000000000000e+01 3.348999999999999755e-01 3.322999999999999843e-01 3.191999999999999837e-01 2.876000000000000223e-01 2.364999999999999880e-01
1.000000000000000000e+02 4.359000000000000097e-01 3.405000000000000249e-01 2.993000000000000105e-01 3.325000000000000178e-01 2.874999999999999778e-01
1.100000000000000000e+02 4.418000000000000260e-01 3.617000000000000215e-01 3.665999999999999814e-01 3.931999999999999940e-01 2.790000000000000258e-01
1.200000000000000000e+02 4.796000000000000263e-01 3.698000000000000176e-01 3.544999999999999818e-01 4.530000000000000138e-01 3.462000000000000077e-01
1.300000000000000000e+02 3.519999999999999796e-01 2.787999999999999923e-01 3.257999999999999785e-01 4.545000000000000151e-01 2.768999999999999795e-01
1.400000000000000000e+02 2.490999999999999881e-01 3.574999999999999845e-01 4.158000000000000029e-01 4.248000000000000109e-01 3.246999999999999886e-01
1.500000000000000000e+02 3.824000000000000177e-01 4.349000000000000088e-01 4.737999999999999989e-01 4.782000000000000139e-01 3.945000000000000173e-01
1.600000000000000000e+02 4.703999999999999848e-01 4.702000000000000068e-01 5.174999999999999600e-01 5.531000000000000361e-01 3.816999999999999837e-01
1.700000000000000000e+02 4.157000000000000139e-01 4.939999999999999947e-01 5.457999999999999519e-01 5.693000000000000282e-01 4.380999999999999894e-01
1.800000000000000000e+02 4.414000000000000146e-01 5.339000000000000412e-01 4.703999999999999848e-01 5.936000000000000165e-01 4.460000000000000075e-01
1.900000000000000000e+02 5.622000000000000330e-01 5.230000000000000204e-01 5.637999999999999678e-01 5.796000000000000041e-01 4.666000000000000147e-01
2.000000000000000000e+02 5.556999999999999718e-01 5.139000000000000234e-01 5.221000000000000085e-01 5.736999999999999877e-01 4.838000000000000078e-01
2.100000000000000000e+02 5.504000000000000004e-01 5.322999999999999954e-01 4.803999999999999937e-01 5.829999999999999627e-01 4.817000000000000171e-01
2.200000000000000000e+02 5.839999999999999636e-01 4.915999999999999814e-01 4.994999999999999996e-01 5.862000000000000544e-01 4.812000000000000166e-01
2.300000000000000000e+02 6.131999999999999673e-01 5.434999999999999831e-01 5.161999999999999922e-01 6.188000000000000167e-01 4.456999999999999851e-01
2.400000000000000000e+02 5.175999999999999490e-01 5.595999999999999863e-01 4.605000000000000204e-01 5.334999999999999742e-01 4.532999999999999807e-01
2.500000000000000000e+02 5.985000000000000320e-01 5.767999999999999794e-01 5.595999999999999863e-01 5.679999999999999494e-01 5.299000000000000377e-01
2.600000000000000000e+02 5.752000000000000446e-01 5.001999999999999780e-01 4.298000000000000154e-01 4.320999999999999841e-01 4.677000000000000046e-01
2.700000000000000000e+02 5.766000000000000014e-01 5.645999999999999908e-01 4.546000000000000041e-01 5.938999999999999835e-01 4.924000000000000044e-01
2.800000000000000000e+02 6.533999999999999808e-01 5.814000000000000279e-01 5.122999999999999776e-01 6.293999999999999595e-01 5.618999999999999551e-01
2.900000000000000000e+02 6.514999999999999680e-01 5.816999999999999948e-01 5.597999999999999643e-01 6.663000000000000034e-01 5.895000000000000240e-01
3.000000000000000000e+02 7.205000000000000293e-01 6.163999999999999480e-01 5.766999999999999904e-01 6.084000000000000519e-01 5.692000000000000393e-01
3.100000000000000000e+02 6.762000000000000233e-01 6.169999999999999929e-01 5.597999999999999643e-01 6.542999999999999927e-01 5.702000000000000401e-01
3.200000000000000000e+02 6.998999999999999666e-01 6.146000000000000352e-01 5.671000000000000485e-01 6.419000000000000261e-01 5.590000000000000524e-01
3.300000000000000000e+02 7.247000000000000108e-01 6.271999999999999797e-01 5.629999999999999449e-01 6.655999999999999694e-01 6.146000000000000352e-01
3.400000000000000000e+02 6.868999999999999551e-01 5.988999999999999879e-01 6.266000000000000458e-01 6.670000000000000373e-01 6.229000000000000092e-01
3.500000000000000000e+02 6.732000000000000206e-01 6.201999999999999735e-01 5.792000000000000481e-01 6.761000000000000343e-01 6.161999999999999700e-01
3.600000000000000000e+02 6.825999999999999845e-01 6.377000000000000446e-01 5.941999999999999504e-01 6.475999999999999535e-01 6.126000000000000334e-01
3.700000000000000000e+02 7.259999999999999787e-01 6.230999999999999872e-01 6.267000000000000348e-01 6.766999999999999682e-01 6.421999999999999931e-01
3.800000000000000000e+02 6.918999999999999595e-01 6.071999999999999620e-01 6.359000000000000208e-01 6.642000000000000126e-01 5.923000000000000487e-01
3.900000000000000000e+02 5.967000000000000082e-01 6.006000000000000227e-01 6.092999999999999527e-01 6.248000000000000220e-01 5.620000000000000551e-01
4.000000000000000000e+02 7.006000000000000005e-01 6.409000000000000252e-01 6.697999999999999510e-01 6.368000000000000327e-01 5.959999999999999742e-01
4.100000000000000000e+02 7.514999999999999458e-01 6.052999999999999492e-01 6.595999999999999641e-01 6.240999999999999881e-01 6.408000000000000362e-01
4.200000000000000000e+02 7.558000000000000274e-01 6.506999999999999451e-01 6.558000000000000496e-01 6.279000000000000137e-01 6.364999999999999547e-01
4.300000000000000000e+02 7.560000000000000053e-01 6.659000000000000474e-01 7.137000000000000011e-01 6.405999999999999472e-01 6.468000000000000416e-01
4.400000000000000000e+02 7.653999999999999693e-01 6.631000000000000227e-01 7.218999999999999861e-01 6.812000000000000277e-01 6.632000000000000117e-01
4.500000000000000000e+02 7.610999999999999988e-01 6.104000000000000536e-01 7.830000000000000293e-01 6.780000000000000471e-01 6.124000000000000554e-01
4.600000000000000000e+02 7.570000000000000062e-01 6.776999999999999691e-01 7.578000000000000291e-01 7.013000000000000345e-01 6.534999999999999698e-01
4.700000000000000000e+02 7.883999999999999897e-01 6.469000000000000306e-01 7.749000000000000332e-01 7.284000000000000474e-01 6.371999999999999886e-01
4.800000000000000000e+02 8.144000000000000128e-01 6.796999999999999709e-01 7.559000000000000163e-01 7.007999999999999785e-01 6.677999999999999492e-01
4.900000000000000000e+02 7.610000000000000098e-01 7.073000000000000398e-01 7.399999999999999911e-01 6.816999999999999726e-01 6.238000000000000211e-01
5.000000000000000000e+02 8.067999999999999616e-01 6.797999999999999599e-01 7.620000000000000107e-01 7.025000000000000133e-01 6.735999999999999766e-01
5.100000000000000000e+02 8.066999999999999726e-01 7.144000000000000350e-01 7.398000000000000131e-01 6.751000000000000334e-01 6.268000000000000238e-01
5.200000000000000000e+02 7.892000000000000126e-01 6.303999999999999604e-01 8.016999999999999682e-01 7.138999999999999790e-01 6.639000000000000457e-01
5.300000000000000000e+02 8.063000000000000167e-01 6.774999999999999911e-01 7.317000000000000171e-01 7.216000000000000192e-01 6.471000000000000085e-01
5.400000000000000000e+02 7.836999999999999522e-01 6.914000000000000146e-01 7.389000000000000012e-01 7.388000000000000123e-01 6.075000000000000400e-01
5.500000000000000000e+02 8.218999999999999639e-01 7.233000000000000540e-01 7.916999999999999593e-01 7.234000000000000430e-01 6.925999999999999934e-01
5.600000000000000000e+02 8.569999999999999840e-01 7.246000000000000218e-01 7.929000000000000492e-01 7.076999999999999957e-01 6.885000000000000009e-01
5.700000000000000000e+02 8.208999999999999631e-01 7.411999999999999700e-01 7.617000000000000437e-01 7.468000000000000194e-01 6.893000000000000238e-01
5.800000000000000000e+02 8.208999999999999631e-01 7.378000000000000114e-01 8.003000000000000114e-01 7.479999999999999982e-01 6.834000000000000075e-01
5.900000000000000000e+02 8.026999999999999691e-01 7.230999999999999650e-01 8.280999999999999472e-01 7.832000000000000073e-01 6.992000000000000437e-01
6.000000000000000000e+02 8.046999999999999709e-01 7.541999999999999815e-01 7.813999999999999835e-01 7.620999999999999996e-01 6.600000000000000311e-01
6.100000000000000000e+02 8.567000000000000171e-01 7.392999999999999572e-01 8.463000000000000522e-01 7.769000000000000350e-01 7.240999999999999659e-01
6.200000000000000000e+02 8.689000000000000057e-01 7.356000000000000316e-01 8.417999999999999927e-01 7.486000000000000432e-01 6.932000000000000384e-01
6.300000000000000000e+02 8.217999999999999750e-01 7.702999999999999847e-01 8.203000000000000291e-01 7.572999999999999732e-01 7.185000000000000275e-01
6.400000000000000000e+02 8.477000000000000091e-01 7.627000000000000446e-01 8.465000000000000302e-01 7.456000000000000405e-01 7.181999999999999496e-01
6.500000000000000000e+02 8.337999999999999856e-01 7.881000000000000227e-01 7.834999999999999742e-01 7.359999999999999876e-01 7.577000000000000401e-01
6.600000000000000000e+02 8.665000000000000480e-01 7.533999999999999586e-01 8.431999999999999496e-01 7.546000000000000485e-01 7.700000000000000178e-01
6.700000000000000000e+02 8.670999999999999819e-01 7.729000000000000314e-01 8.626000000000000334e-01 7.769000000000000350e-01 7.523999999999999577e-01
6.800000000000000000e+02 8.565000000000000391e-01 8.326000000000000068e-01 8.433000000000000496e-01 7.873999999999999888e-01 7.409000000000000030e-01
6.900000000000000000e+02 8.925999999999999490e-01 8.194000000000000172e-01 8.602999999999999536e-01 7.731000000000000094e-01 7.644999999999999574e-01
7.000000000000000000e+02 8.657000000000000250e-01 8.074000000000000066e-01 8.998000000000000442e-01 8.028999999999999471e-01 7.674999999999999600e-01
7.100000000000000000e+02 8.502999999999999448e-01 8.337999999999999856e-01 8.626000000000000334e-01 7.912000000000000144e-01 7.871000000000000218e-01
7.200000000000000000e+02 8.747000000000000330e-01 8.208999999999999631e-01 8.870999999999999996e-01 7.901000000000000245e-01 8.244000000000000217e-01
7.300000000000000000e+02 8.625000000000000444e-01 8.098999999999999533e-01 9.019000000000000350e-01 7.999000000000000554e-01 8.179999999999999494e-01
7.400000000000000000e+02 8.746000000000000441e-01 7.937999999999999501e-01 8.625000000000000444e-01 8.023000000000000131e-01 7.880000000000000338e-01
7.500000000000000000e+02 8.608999999999999986e-01 8.034999999999999920e-01 8.823999999999999622e-01 8.169999999999999485e-01 8.037999999999999590e-01
7.600000000000000000e+02 8.497000000000000108e-01 8.387999999999999901e-01 8.478999999999999870e-01 8.093000000000000194e-01 7.903000000000000025e-01
7.700000000000000000e+02 8.509999999999999787e-01 7.987999999999999545e-01 8.407999999999999918e-01 8.023000000000000131e-01 7.553999999999999604e-01
7.800000000000000000e+02 8.878000000000000336e-01 8.561999999999999611e-01 8.768000000000000238e-01 8.023000000000000131e-01 8.145999999999999908e-01
7.900000000000000000e+02 8.598999999999999977e-01 8.505000000000000338e-01 9.048000000000000487e-01 8.310999999999999499e-01 8.165000000000000036e-01
8.000000000000000000e+02 8.962999999999999856e-01 8.413000000000000478e-01 8.909000000000000252e-01 8.191000000000000503e-01 8.494000000000000439e-01
8.100000000000000000e+02 8.864999999999999547e-01 8.619999999999999885e-01 8.984999999999999654e-01 8.334000000000000297e-01 8.112000000000000322e-01
8.200000000000000000e+02 8.541999999999999593e-01 8.417000000000000037e-01 8.746000000000000441e-01 8.177999999999999714e-01 8.376000000000000112e-01
8.300000000000000000e+02 9.051000000000000156e-01 8.345000000000000195e-01 8.938000000000000389e-01 8.358999999999999764e-01 8.450999999999999623e-01
8.400000000000000000e+02 8.944999999999999618e-01 8.517000000000000126e-01 9.075999999999999623e-01 8.198999999999999622e-01 8.266000000000000014e-01
8.500000000000000000e+02 8.917000000000000481e-01 8.477999999999999980e-01 8.931999999999999940e-01 8.608999999999999986e-01 8.421999999999999487e-01
8.600000000000000000e+02 8.854999999999999538e-01 8.334000000000000297e-01 8.638000000000000123e-01 8.693999999999999506e-01 8.517000000000000126e-01
8.700000000000000000e+02 9.146999999999999575e-01 8.540999999999999703e-01 8.861999999999999877e-01 8.538999999999999924e-01 8.597000000000000197e-01
8.800000000000000000e+02 9.058000000000000496e-01 8.789000000000000146e-01 8.767000000000000348e-01 8.821999999999999842e-01 8.326999999999999957e-01
8.900000000000000000e+02 9.197999999999999510e-01 8.470999999999999641e-01 9.131000000000000227e-01 8.421999999999999487e-01 8.790000000000000036e-01
9.000000000000000000e+02 8.881000000000000005e-01 8.757000000000000339e-01 8.748000000000000220e-01 8.903999999999999693e-01 8.782999999999999696e-01
9.100000000000000000e+02 8.787000000000000366e-01 8.746000000000000441e-01 8.777000000000000357e-01 8.528999999999999915e-01 9.060000000000000275e-01
9.200000000000000000e+02 9.002000000000000002e-01 8.857000000000000428e-01 9.030000000000000249e-01 8.732999999999999652e-01 8.800999999999999934e-01
9.300000000000000000e+02 8.827000000000000401e-01 8.778000000000000247e-01 8.885999999999999455e-01 9.029000000000000359e-01 8.820000000000000062e-01
9.400000000000000000e+02 8.838000000000000300e-01 8.947000000000000508e-01 9.294000000000000039e-01 8.866000000000000547e-01 8.652999999999999581e-01
9.500000000000000000e+02 8.866000000000000547e-01 8.783999999999999586e-01 9.240000000000000435e-01 8.901000000000000023e-01 8.851999999999999869e-01
9.600000000000000000e+02 9.245999999999999774e-01 8.399999999999999689e-01 9.287999999999999590e-01 8.991000000000000103e-01 9.064999999999999725e-01
9.700000000000000000e+02 8.955999999999999517e-01 9.035999999999999588e-01 9.095999999999999641e-01 9.169000000000000483e-01 8.619999999999999885e-01
9.800000000000000000e+02 9.211000000000000298e-01 8.709999999999999964e-01 9.050000000000000266e-01 9.092000000000000082e-01 9.136999999999999567e-01
9.900000000000000000e+02 9.142000000000000126e-01 8.627000000000000224e-01 9.184999999999999831e-01 9.092999999999999972e-01 8.799000000000000155e-01
1.000000000000000000e+03 9.179000000000000492e-01 9.022000000000000020e-01 8.594000000000000528e-01 8.862999999999999767e-01 8.928000000000000380e-01
