2.500000000000000000e+02 8.239999999999999547e-01 7.993000000000000105e-01 8.074000000000000066e-01 8.003000000000000114e-01 7.974999999999999867e-01
2.600000000000000000e+02 7.472999999999999643e-01 8.133000000000000229e-01 7.638000000000000345e-01 7.774999999999999689e-01 7.281999999999999584e-01
2.700000000000000000e+02 7.467000000000000304e-01 8.026999999999999691e-01 8.034000000000000030e-01 8.006999999999999673e-01 8.141000000000000458e-01
2.800000000000000000e+02 8.073000000000000176e-01 8.306999999999999940e-01 8.161000000000000476e-01 8.154000000000000137e-01 8.073000000000000176e-01
2.900000000000000000e+02 8.116999999999999771e-01 8.185999999999999943e-01 8.064000000000000057e-01 7.862999999999999989e-01 8.138999999999999568e-01
3.000000000000000000e+02 8.233000000000000318e-01 8.338999999999999746e-01 8.241000000000000547e-01 8.067999999999999616e-01 8.366999999999999993e-01
3.100000000000000000e+02 8.483000000000000540e-01 8.520999999999999686e-01 8.054999999999999938e-01 8.142000000000000348e-01 8.509999999999999787e-01
3.200000000000000000e+02 8.276999999999999913e-01 8.587000000000000188e-01 8.387000000000000011e-01 7.923999999999999932e-01 8.203000000000000291e-01
3.300000000000000000e+02 8.437000000000000055e-01 8.404000000000000359e-01 8.438999999999999835e-01 8.335000000000000187e-01 8.447999999999999954e-01
3.400000000000000000e+02 8.539999999999999813e-01 8.576000000000000290e-01 8.531999999999999584e-01 8.118999999999999551e-01 8.395000000000000240e-01
3.500000000000000000e+02 8.539999999999999813e-01 8.608000000000000096e-01 8.344000000000000306e-01 8.426000000000000156e-01 8.320999999999999508e-01
3.600000000000000000e+02 8.456000000000000183e-01 8.627000000000000224e-01 8.244000000000000217e-01 8.484000000000000430e-01 8.639999999999999902e-01
3.700000000000000000e+02 8.726000000000000423e-01 8.697000000000000286e-01 8.283000000000000362e-01 8.425000000000000266e-01 8.786000000000000476e-01
3.800000000000000000e+02 8.600999999999999757e-01 8.641999999999999682e-01 8.429999999999999716e-01 8.388999999999999790e-01 8.598000000000000087e-01
3.900000000000000000e+02 8.476000000000000201e-01 8.146999999999999797e-01 8.411999999999999478e-01 8.148999999999999577e-01 8.231000000000000538e-01
4.000000000000000000e+02 8.444000000000000394e-01 8.387000000000000011e-01 8.430999999999999606e-01 8.256999999999999895e-01 8.436000000000000165e-01
4.100000000000000000e+02 8.558000000000000052e-01 8.417000000000000037e-01 8.391999999999999460e-01 8.186999999999999833e-01 8.255000000000000115e-01
4.200000000000000000e+02 8.508000000000000007e-01 8.691999999999999726e-01 8.571999999999999620e-01 8.336000000000000076e-01 8.356000000000000094e-01
4.300000000000000000e+02 8.646000000000000352e-01 8.668000000000000149e-01 8.517000000000000126e-01 8.318999999999999728e-01 8.743999999999999551e-01
4.400000000000000000e+02 8.837000000000000410e-01 8.416000000000000147e-01 8.711999999999999744e-01 8.399999999999999689e-01 8.757000000000000339e-01
4.500000000000000000e+02 8.891999999999999904e-01 8.692999999999999616e-01 8.672999999999999599e-01 8.345000000000000195e-01 8.596000000000000307e-01
4.600000000000000000e+02 8.791999999999999815e-01 8.769000000000000128e-01 8.771999999999999797e-01 8.435000000000000275e-01 8.925999999999999490e-01
4.700000000000000000e+02 8.558000000000000052e-01 8.701999999999999735e-01 8.933999999999999719e-01 8.641999999999999682e-01 8.878000000000000336e-01
4.800000000000000000e+02 8.773999999999999577e-01 8.868000000000000327e-01 8.752999999999999670e-01 8.597000000000000197e-01 8.604000000000000536e-01
4.900000000000000000e+02 8.840999999999999970e-01 8.777000000000000357e-01 8.826000000000000512e-01 8.618000000000000105e-01 8.887000000000000455e-01
5.000000000000000000e+02 8.681999999999999718e-01 8.735000000000000542e-01 8.814999999999999503e-01 8.712999999999999634e-01 8.910000000000000142e-01
5.100000000000000000e+02 8.853999999999999648e-01 8.854999999999999538e-01 8.924999999999999600e-01 8.669000000000000039e-01 8.899000000000000243e-01
5.200000000000000000e+02 8.289999999999999591e-01 8.364000000000000323e-01 8.456000000000000183e-01 8.586000000000000298e-01 8.607000000000000206e-01
5.300000000000000000e+02 8.830999999999999961e-01 8.773999999999999577e-01 8.596000000000000307e-01 8.692999999999999616e-01 8.879000000000000226e-01
5.400000000000000000e+02 9.012000000000000011e-01 9.049000000000000377e-01 8.692999999999999616e-01 8.716000000000000414e-01 8.842999999999999750e-01
5.500000000000000000e+02 8.911999999999999922e-01 8.856000000000000538e-01 8.839000000000000190e-01 8.739000000000000101e-01 8.903999999999999693e-01
5.600000000000000000e+02 8.984999999999999654e-01 8.756000000000000449e-01 9.082000000000000073e-01 8.737000000000000322e-01 8.830999999999999961e-01
5.700000000000000000e+02 9.070000000000000284e-01 8.850000000000000089e-01 8.915999999999999481e-01 8.806000000000000494e-01 8.997000000000000552e-01
5.800000000000000000e+02 8.862999999999999767e-01 8.951000000000000068e-01 8.840999999999999970e-01 8.787000000000000366e-01 8.810000000000000053e-01
5.900000000000000000e+02 8.990000000000000213e-01 9.108000000000000540e-01 8.874999999999999556e-01 8.838000000000000300e-01 9.032000000000000028e-01
6.000000000000000000e+02 9.164999999999999813e-01 9.026999999999999469e-01 8.899000000000000243e-01 8.770000000000000018e-01 8.991000000000000103e-01
6.100000000000000000e+02 9.110000000000000320e-01 9.151000000000000245e-01 9.040000000000000258e-01 9.021000000000000130e-01 8.951000000000000068e-01
6.200000000000000000e+02 9.021000000000000130e-01 8.899000000000000243e-01 8.921999999999999931e-01 8.948000000000000398e-01 8.752999999999999670e-01
6.300000000000000000e+02 9.020000000000000240e-01 9.088000000000000522e-01 8.981000000000000094e-01 8.882999999999999785e-01 9.152000000000000135e-01
6.400000000000000000e+02 9.073999999999999844e-01 9.022999999999999909e-01 8.850999999999999979e-01 8.953999999999999737e-01 8.869000000000000217e-01
6.500000000000000000e+02 8.970000000000000195e-01 8.723999999999999533e-01 8.806000000000000494e-01 8.818000000000000282e-01 8.941999999999999948e-01
6.600000000000000000e+02 9.235999999999999766e-01 9.079000000000000403e-01 9.000000000000000222e-01 8.802999999999999714e-01 9.098000000000000531e-01
6.700000000000000000e+02 9.162000000000000144e-01 9.075999999999999623e-01 8.872999999999999776e-01 9.011000000000000121e-01 9.042000000000000037e-01
6.800000000000000000e+02 9.062999999999999945e-01 9.149000000000000465e-01 9.029000000000000359e-01 9.133999999999999897e-01 9.135999999999999677e-01
6.900000000000000000e+02 9.223000000000000087e-01 9.078000000000000513e-01 8.971000000000000085e-01 8.824999999999999512e-01 8.985999999999999543e-01
7.000000000000000000e+02 9.215999999999999748e-01 9.164999999999999813e-01 8.880000000000000115e-01 9.069000000000000394e-01 9.012999999999999901e-01
7.100000000000000000e+02 9.166999999999999593e-01 9.098000000000000531e-01 9.018000000000000460e-01 9.081000000000000183e-01 9.179000000000000492e-01
7.200000000000000000e+02 9.243000000000000105e-01 9.140000000000000346e-01 9.092000000000000082e-01 9.064999999999999725e-01 9.016999999999999460e-01
7.300000000000000000e+02 9.092999999999999972e-01 9.209000000000000519e-01 9.106999999999999540e-01 9.154999999999999805e-01 9.278999999999999471e-01
7.400000000000000000e+02 9.314000000000000057e-01 9.080000000000000293e-01 9.108000000000000540e-01 9.029000000000000359e-01 9.124999999999999778e-01
7.500000000000000000e+02 9.237999999999999545e-01 9.330000000000000515e-01 9.104999999999999760e-01 8.977000000000000535e-01 9.226999999999999647e-01
7.600000000000000000e+02 9.115999999999999659e-01 9.176999999999999602e-01 8.905999999999999472e-01 9.258999999999999453e-01 9.044999999999999707e-01
7.700000000000000000e+02 9.212000000000000188e-01 9.232000000000000206e-01 9.146999999999999575e-01 9.004999999999999671e-01 9.153000000000000025e-01
7.800000000000000000e+02 9.167999999999999483e-01 9.313000000000000167e-01 9.026999999999999469e-01 9.129000000000000448e-01 9.183000000000000052e-01
7.900000000000000000e+02 9.201000000000000290e-01 9.367999999999999661e-01 9.189000000000000501e-01 9.181000000000000272e-01 9.365999999999999881e-01
8.000000000000000000e+02 9.356999999999999762e-01 9.213000000000000078e-01 9.141000000000000236e-01 9.292000000000000259e-01 9.207999999999999519e-01
8.100000000000000000e+02 9.374000000000000110e-01 9.435999999999999943e-01 9.164999999999999813e-01 9.330000000000000515e-01 9.336999999999999744e-01
8.200000000000000000e+02 9.196999999999999620e-01 9.177999999999999492e-01 9.317999999999999616e-01 9.193000000000000060e-01 9.201000000000000290e-01
8.300000000000000000e+02 9.345999999999999863e-01 9.345999999999999863e-01 9.333000000000000185e-01 9.378999999999999559e-01 9.165999999999999703e-01
8.400000000000000000e+02 9.385000000000000009e-01 9.286999999999999700e-01 9.320000000000000506e-01 9.180000000000000382e-01 9.213000000000000078e-01
8.500000000000000000e+02 9.347999999999999643e-01 9.363000000000000211e-01 9.277999999999999581e-01 9.294999999999999929e-01 9.304000000000000048e-01
8.600000000000000000e+02 9.402000000000000357e-01 9.335999999999999854e-01 9.187999999999999501e-01 9.239000000000000545e-01 9.310000000000000497e-01
8.700000000000000000e+02 9.446999999999999842e-01 9.270000000000000462e-01 9.321000000000000396e-01 9.365999999999999881e-01 9.379999999999999449e-01
8.800000000000000000e+02 9.278999999999999471e-01 9.445000000000000062e-01 9.364000000000000101e-01 9.173999999999999932e-01 9.170000000000000373e-01
8.900000000000000000e+02 9.409999999999999476e-01 9.419999999999999485e-01 9.365999999999999881e-01 9.331000000000000405e-01 9.384000000000000119e-01
9.000000000000000000e+02 9.294999999999999929e-01 9.321000000000000396e-01 9.337999999999999634e-01 9.292000000000000259e-01 9.225999999999999757e-01
9.100000000000000000e+02 9.413000000000000256e-01 9.267999999999999572e-01 9.376999999999999780e-01 9.346999999999999753e-01 9.069000000000000394e-01
9.200000000000000000e+02 9.267999999999999572e-01 9.417999999999999705e-01 9.236999999999999655e-01 9.355999999999999872e-01 9.184999999999999831e-01
9.300000000000000000e+02 9.492000000000000437e-01 9.495000000000000107e-01 9.304000000000000048e-01 9.344999999999999973e-01 9.214999999999999858e-01
9.400000000000000000e+02 9.482000000000000428e-01 9.288999999999999480e-01 9.367999999999999661e-01 9.292000000000000259e-01 9.372000000000000330e-01
9.500000000000000000e+02 9.503000000000000336e-01 9.500999999999999446e-01 9.393000000000000238e-01 9.227999999999999536e-01 9.336999999999999744e-01
9.600000000000000000e+02 9.314000000000000057e-01 9.458999999999999631e-01 9.395999999999999908e-01 9.321000000000000396e-01 9.376999999999999780e-01
9.700000000000000000e+02 9.448999999999999622e-01 9.294000000000000039e-01 9.314999999999999947e-01 9.290000000000000480e-01 9.357999999999999652e-01
9.800000000000000000e+02 9.423000000000000265e-01 9.577999999999999847e-01 9.496999999999999886e-01 9.419999999999999485e-01 9.355999999999999872e-01
9.900000000000000000e+02 9.518999999999999684e-01 9.456999999999999851e-01 9.393000000000000238e-01 9.386999999999999789e-01 9.405999999999999917e-01
1.000000000000000000e+03 9.452000000000000401e-01 9.525000000000000133e-01 9.454000000000000181e-01 9.445000000000000062e-01 9.484000000000000208e-01
1.010000000000000000e+03 9.393000000000000238e-01 9.506999999999999895e-01 9.403000000000000247e-01 9.452000000000000401e-01 9.432000000000000384e-01
1.020000000000000000e+03 9.548999999999999710e-01 9.496999999999999886e-01 9.397999999999999687e-01 9.385000000000000009e-01 9.458999999999999631e-01
1.030000000000000000e+03 9.190000000000000391e-01 9.516999999999999904e-01 9.405999999999999917e-01 9.437999999999999723e-01 9.436999999999999833e-01
1.040000000000000000e+03 9.356999999999999762e-01 9.310000000000000497e-01 9.429999999999999494e-01 9.240000000000000435e-01 9.409999999999999476e-01
1.050000000000000000e+03 9.384000000000000119e-01 9.589999999999999636e-01 9.485999999999999988e-01 9.324999999999999956e-01 9.446999999999999842e-01
1.060000000000000000e+03 9.535000000000000142e-01 9.559999999999999609e-01 9.453000000000000291e-01 9.526999999999999913e-01 9.467999999999999750e-01
1.070000000000000000e+03 9.556000000000000050e-01 9.572000000000000508e-01 9.482000000000000428e-01 9.435999999999999943e-01 9.424000000000000155e-01
1.080000000000000000e+03 9.508999999999999675e-01 9.438999999999999613e-01 9.433000000000000274e-01 9.432000000000000384e-01 9.520999999999999464e-01
1.090000000000000000e+03 9.526999999999999913e-01 9.542000000000000481e-01 9.455000000000000071e-01 9.506999999999999895e-01 9.544000000000000261e-01
1.100000000000000000e+03 9.515000000000000124e-01 9.482000000000000428e-01 9.462000000000000410e-01 9.504000000000000226e-01 9.509999999999999565e-01
1.110000000000000000e+03 9.578999999999999737e-01 9.467999999999999750e-01 9.496999999999999886e-01 9.534000000000000252e-01 9.495999999999999996e-01
1.120000000000000000e+03 9.498999999999999666e-01 9.596000000000000085e-01 9.515000000000000124e-01 9.520999999999999464e-01 9.536999999999999922e-01
1.130000000000000000e+03 9.586000000000000076e-01 9.381000000000000449e-01 9.614000000000000323e-01 9.493000000000000327e-01 9.593000000000000416e-01
1.140000000000000000e+03 9.534000000000000252e-01 9.538999999999999702e-01 9.454000000000000181e-01 9.512000000000000455e-01 9.566000000000000059e-01
1.150000000000000000e+03 9.549999999999999600e-01 9.596000000000000085e-01 9.574000000000000288e-01 9.577999999999999847e-01 9.536000000000000032e-01
1.160000000000000000e+03 9.587999999999999856e-01 9.556000000000000050e-01 9.363000000000000211e-01 9.494000000000000217e-01 9.544000000000000261e-01
1.170000000000000000e+03 9.667999999999999927e-01 9.455000000000000071e-01 9.486999999999999877e-01 9.506999999999999895e-01 9.530999999999999472e-01
1.180000000000000000e+03 9.556999999999999940e-01 9.586000000000000076e-01 9.528999999999999693e-01 9.533000000000000362e-01 9.582000000000000517e-01
1.190000000000000000e+03 9.564000000000000279e-01 9.562000000000000499e-01 9.455000000000000071e-01 9.600999999999999535e-01 9.560999999999999499e-01
1.200000000000000000e+03 9.593000000000000416e-01 9.607999999999999874e-01 9.618999999999999773e-01 9.549999999999999600e-01 9.518999999999999684e-01
1.210000000000000000e+03 9.596000000000000085e-01 9.550999999999999490e-01 9.538999999999999702e-01 9.579999999999999627e-01 9.560999999999999499e-01
1.220000000000000000e+03 9.556000000000000050e-01 9.491000000000000547e-01 9.489999999999999547e-01 9.514000000000000234e-01 9.654000000000000359e-01
1.230000000000000000e+03 9.457999999999999741e-01 9.646000000000000130e-01 9.489999999999999547e-01 9.597999999999999865e-01 9.609999999999999654e-01
1.240000000000000000e+03 9.576000000000000068e-01 9.607999999999999874e-01 9.583000000000000407e-01 9.637000000000000011e-01 9.517999999999999794e-01
1.250000000000000000e+03 9.647000000000000020e-01 9.647999999999999909e-01 9.556999999999999940e-01 9.559999999999999609e-01 9.550999999999999490e-01
