2.500000000000000000e+02 8.239999999999999547e-01 7.993000000000000105e-01 8.074000000000000066e-01 8.003000000000000114e-01 7.974999999999999867e-01
2.600000000000000000e+02 7.891000000000000236e-01 7.966999999999999638e-01 8.038999999999999480e-01 7.940000000000000391e-01 7.519000000000000128e-01
2.700000000000000000e+02 7.985999999999999766e-01 8.165000000000000036e-01 7.931000000000000272e-01 7.887999999999999456e-01 7.926999999999999602e-01
2.800000000000000000e+02 8.066999999999999726e-01 8.364000000000000323e-01 8.044999999999999929e-01 8.359999999999999654e-01 8.041000000000000369e-01
2.900000000000000000e+02 8.470999999999999641e-01 8.259999999999999565e-01 8.356999999999999984e-01 7.913000000000000034e-01 8.004000000000000004e-01
3.000000000000000000e+02 8.303000000000000380e-01 8.380999999999999561e-01 8.427999999999999936e-01 8.397000000000000020e-01 8.219999999999999529e-01
3.100000000000000000e+02 8.528000000000000025e-01 8.226999999999999869e-01 8.363000000000000433e-01 8.496000000000000218e-01 8.234000000000000208e-01
3.200000000000000000e+02 8.349999999999999645e-01 8.509999999999999787e-01 8.337999999999999856e-01 8.330999999999999517e-01 7.984999999999999876e-01
3.300000000000000000e+02 8.587000000000000188e-01 8.512999999999999456e-01 8.493000000000000549e-01 8.538999999999999924e-01 8.077999999999999625e-01
3.400000000000000000e+02 8.657000000000000250e-01 8.430999999999999606e-01 8.512999999999999456e-01 8.201000000000000512e-01 8.297999999999999821e-01
3.500000000000000000e+02 8.548000000000000043e-01 8.517000000000000126e-01 8.554000000000000492e-01 8.471999999999999531e-01 8.239999999999999547e-01
3.600000000000000000e+02 8.562999999999999501e-01 8.494000000000000439e-01 8.560999999999999721e-01 8.496000000000000218e-01 8.387000000000000011e-01
3.700000000000000000e+02 8.739999999999999991e-01 8.506000000000000227e-01 8.518000000000000016e-01 8.545000000000000373e-01 8.555000000000000382e-01
3.800000000000000000e+02 8.596000000000000307e-01 8.443000000000000504e-01 8.627000000000000224e-01 8.518000000000000016e-01 8.604000000000000536e-01
3.900000000000000000e+02 8.348999999999999755e-01 8.502999999999999448e-01 8.399999999999999689e-01 8.062000000000000277e-01 7.999000000000000554e-01
4.000000000000000000e+02 8.429999999999999716e-01 8.479999999999999760e-01 8.600999999999999757e-01 8.335000000000000187e-01 8.359999999999999654e-01
4.100000000000000000e+02 8.358999999999999764e-01 8.485000000000000320e-01 8.666000000000000369e-01 8.169999999999999485e-01 8.243000000000000327e-01
4.200000000000000000e+02 8.570999999999999730e-01 8.530999999999999694e-01 8.678000000000000158e-01 8.506000000000000227e-01 8.299999999999999600e-01
4.300000000000000000e+02 8.571999999999999620e-01 8.781999999999999806e-01 8.554000000000000492e-01 8.550999999999999712e-01 8.667000000000000259e-01
4.400000000000000000e+02 8.819000000000000172e-01 8.546000000000000263e-01 8.691999999999999726e-01 8.757000000000000339e-01 8.670999999999999819e-01
4.500000000000000000e+02 8.850999999999999979e-01 8.633999999999999453e-01 8.679999999999999938e-01 8.458999999999999853e-01 8.720999999999999863e-01
4.600000000000000000e+02 8.791999999999999815e-01 8.698000000000000176e-01 8.646000000000000352e-01 8.669000000000000039e-01 8.853999999999999648e-01
4.700000000000000000e+02 8.793999999999999595e-01 8.639999999999999902e-01 8.703999999999999515e-01 8.769000000000000128e-01 8.899000000000000243e-01
4.800000000000000000e+02 8.787000000000000366e-01 8.774999999999999467e-01 8.888000000000000345e-01 8.542999999999999483e-01 8.814999999999999503e-01
4.900000000000000000e+02 8.869000000000000217e-01 8.783999999999999586e-01 8.891999999999999904e-01 8.698000000000000176e-01 8.798000000000000265e-01
5.000000000000000000e+02 8.881000000000000005e-01 8.842999999999999750e-01 8.847000000000000419e-01 8.911999999999999922e-01 8.882999999999999785e-01
5.100000000000000000e+02 8.934999999999999609e-01 8.949000000000000288e-01 9.000000000000000222e-01 8.928000000000000380e-01 8.879000000000000226e-01
5.200000000000000000e+02 8.635000000000000453e-01 8.377999999999999892e-01 8.699999999999999956e-01 8.727000000000000313e-01 8.758000000000000229e-01
5.300000000000000000e+02 8.917000000000000481e-01 8.690999999999999837e-01 8.780999999999999917e-01 8.750999999999999890e-01 8.745000000000000551e-01
5.400000000000000000e+02 9.035999999999999588e-01 9.051000000000000156e-01 8.837000000000000410e-01 8.597000000000000197e-01 8.887000000000000455e-01
5.500000000000000000e+02 9.130000000000000338e-01 8.701999999999999735e-01 9.036999999999999478e-01 8.739000000000000101e-01 8.911999999999999922e-01
5.600000000000000000e+02 8.788000000000000256e-01 8.740999999999999881e-01 9.137999999999999456e-01 8.944999999999999618e-01 8.921000000000000041e-01
5.700000000000000000e+02 9.056999999999999496e-01 8.840000000000000080e-01 9.161000000000000254e-01 8.989000000000000323e-01 9.021000000000000130e-01
5.800000000000000000e+02 8.851999999999999869e-01 8.981000000000000094e-01 9.088000000000000522e-01 8.871999999999999886e-01 9.060000000000000275e-01
5.900000000000000000e+02 8.944999999999999618e-01 9.032000000000000028e-01 9.132000000000000117e-01 8.982999999999999874e-01 9.058000000000000496e-01
6.000000000000000000e+02 9.129000000000000448e-01 9.083999999999999853e-01 9.060000000000000275e-01 8.947000000000000508e-01 9.089000000000000412e-01
6.100000000000000000e+02 8.980000000000000204e-01 9.154999999999999805e-01 9.251000000000000334e-01 9.119000000000000439e-01 9.089000000000000412e-01
6.200000000000000000e+02 9.074999999999999734e-01 8.799000000000000155e-01 9.152000000000000135e-01 9.243000000000000105e-01 8.969000000000000306e-01
6.300000000000000000e+02 9.091000000000000192e-01 9.091000000000000192e-01 9.159000000000000474e-01 9.076999999999999513e-01 9.173000000000000043e-01
6.400000000000000000e+02 9.090000000000000302e-01 9.019000000000000350e-01 9.140000000000000346e-01 9.023999999999999799e-01 9.034999999999999698e-01
6.500000000000000000e+02 9.103999999999999870e-01 8.840000000000000080e-01 9.076999999999999513e-01 8.898000000000000353e-01 9.046999999999999487e-01
6.600000000000000000e+02 9.084999999999999742e-01 9.059000000000000385e-01 9.163999999999999924e-01 8.726000000000000423e-01 9.165999999999999703e-01
6.700000000000000000e+02 9.090000000000000302e-01 9.030000000000000249e-01 9.155999999999999694e-01 9.078000000000000513e-01 9.081000000000000183e-01
6.800000000000000000e+02 9.035999999999999588e-01 9.088000000000000522e-01 9.288999999999999480e-01 9.159000000000000474e-01 9.191000000000000281e-01
6.900000000000000000e+02 9.144999999999999796e-01 9.080000000000000293e-01 9.258999999999999453e-01 8.931999999999999940e-01 9.129000000000000448e-01
7.000000000000000000e+02 9.135999999999999677e-01 9.252000000000000224e-01 9.167999999999999483e-01 9.222000000000000197e-01 9.051000000000000156e-01
7.100000000000000000e+02 9.166999999999999593e-01 9.210000000000000409e-01 9.245999999999999774e-01 9.075999999999999623e-01 9.256999999999999673e-01
7.200000000000000000e+02 9.193999999999999950e-01 9.185999999999999721e-01 9.325999999999999845e-01 9.235999999999999766e-01 8.997000000000000552e-01
7.300000000000000000e+02 9.068000000000000504e-01 9.203000000000000069e-01 9.226999999999999647e-01 9.249000000000000554e-01 9.276999999999999691e-01
7.400000000000000000e+02 9.300000000000000488e-01 9.025999999999999579e-01 9.387999999999999678e-01 9.240000000000000435e-01 9.211000000000000298e-01
7.500000000000000000e+02 9.284999999999999920e-01 9.316999999999999726e-01 9.346999999999999753e-01 9.185999999999999721e-01 9.276999999999999691e-01
7.600000000000000000e+02 9.193000000000000060e-01 9.171000000000000263e-01 9.101000000000000201e-01 9.402000000000000357e-01 9.245999999999999774e-01
7.700000000000000000e+02 9.264000000000000012e-01 9.151000000000000245e-01 9.169000000000000483e-01 9.217999999999999527e-01 8.915999999999999481e-01
7.800000000000000000e+02 9.163999999999999924e-01 9.296999999999999709e-01 9.053999999999999826e-01 9.088000000000000522e-01 9.301000000000000378e-01
7.900000000000000000e+02 9.336999999999999744e-01 9.404000000000000137e-01 9.245999999999999774e-01 9.324999999999999956e-01 9.456999999999999851e-01
8.000000000000000000e+02 9.415000000000000036e-01 9.260000000000000453e-01 9.290000000000000480e-01 9.364999999999999991e-01 9.432000000000000384e-01
8.100000000000000000e+02 9.411000000000000476e-01 9.483000000000000318e-01 9.354999999999999982e-01 9.392000000000000348e-01 9.343000000000000194e-01
8.200000000000000000e+02 9.301000000000000378e-01 9.254000000000000004e-01 9.406999999999999806e-01 9.398999999999999577e-01 9.424000000000000155e-01
8.300000000000000000e+02 9.350000000000000533e-01 9.385000000000000009e-01 9.478999999999999648e-01 9.389999999999999458e-01 9.270000000000000462e-01
8.400000000000000000e+02 9.354000000000000092e-01 9.203000000000000069e-01 9.508999999999999675e-01 9.179000000000000492e-01 9.473000000000000309e-01
8.500000000000000000e+02 9.395000000000000018e-01 9.432000000000000384e-01 9.375000000000000000e-01 9.389999999999999458e-01 9.444000000000000172e-01
8.600000000000000000e+02 9.399999999999999467e-01 9.375999999999999890e-01 9.364999999999999991e-01 9.397999999999999687e-01 9.389999999999999458e-01
8.700000000000000000e+02 9.455000000000000071e-01 9.239000000000000545e-01 9.502000000000000446e-01 9.509999999999999565e-01 9.445999999999999952e-01
8.800000000000000000e+02 9.283000000000000140e-01 9.345999999999999863e-01 9.537999999999999812e-01 9.321000000000000396e-01 9.354999999999999982e-01
8.900000000000000000e+02 9.459999999999999520e-01 9.381000000000000449e-01 9.483000000000000318e-01 9.462000000000000410e-01 9.506999999999999895e-01
9.000000000000000000e+02 9.267999999999999572e-01 9.258999999999999453e-01 9.454000000000000181e-01 9.376999999999999780e-01 9.424000000000000155e-01
9.100000000000000000e+02 9.408999999999999586e-01 9.334999999999999964e-01 9.474000000000000199e-01 9.371000000000000441e-01 9.291000000000000369e-01
9.200000000000000000e+02 9.377999999999999670e-01 9.392000000000000348e-01 9.445999999999999952e-01 9.439999999999999503e-01 9.425000000000000044e-01
9.300000000000000000e+02 9.495000000000000107e-01 9.484000000000000208e-01 9.479999999999999538e-01 9.465000000000000080e-01 9.423000000000000265e-01
9.400000000000000000e+02 9.478999999999999648e-01 9.374000000000000110e-01 9.497999999999999776e-01 9.388999999999999568e-01 9.483000000000000318e-01
9.500000000000000000e+02 9.431000000000000494e-01 9.492000000000000437e-01 9.491000000000000547e-01 9.494000000000000217e-01 9.478999999999999648e-01
9.600000000000000000e+02 9.298999999999999488e-01 9.507999999999999785e-01 9.558999999999999719e-01 9.527999999999999803e-01 9.553000000000000380e-01
9.700000000000000000e+02 9.439999999999999503e-01 9.506999999999999895e-01 9.548999999999999710e-01 9.547999999999999821e-01 9.473000000000000309e-01
9.800000000000000000e+02 9.488999999999999657e-01 9.595000000000000195e-01 9.554000000000000270e-01 9.474000000000000199e-01 9.556000000000000050e-01
9.900000000000000000e+02 9.494000000000000217e-01 9.469999999999999529e-01 9.539999999999999591e-01 9.542000000000000481e-01 9.574000000000000288e-01
1.000000000000000000e+03 9.546000000000000041e-01 9.467999999999999750e-01 9.544000000000000261e-01 9.546999999999999931e-01 9.575000000000000178e-01
1.010000000000000000e+03 9.472000000000000419e-01 9.434000000000000163e-01 9.518999999999999684e-01 9.556999999999999940e-01 9.546000000000000041e-01
1.020000000000000000e+03 9.568999999999999728e-01 9.488999999999999657e-01 9.496999999999999886e-01 9.528999999999999693e-01 9.538999999999999702e-01
1.030000000000000000e+03 9.284000000000000030e-01 9.491000000000000547e-01 9.552000000000000490e-01 9.513000000000000345e-01 9.572000000000000508e-01
1.040000000000000000e+03 9.451000000000000512e-01 9.411000000000000476e-01 9.572000000000000508e-01 9.351000000000000423e-01 9.564000000000000279e-01
1.050000000000000000e+03 9.455999999999999961e-01 9.576999999999999957e-01 9.626000000000000112e-01 9.240000000000000435e-01 9.547999999999999821e-01
1.060000000000000000e+03 9.529999999999999583e-01 9.532000000000000473e-01 9.488999999999999657e-01 9.475999999999999979e-01 9.566999999999999948e-01
1.070000000000000000e+03 9.613000000000000433e-01 9.524000000000000243e-01 9.647000000000000020e-01 9.497999999999999776e-01 9.534000000000000252e-01
1.080000000000000000e+03 9.605000000000000204e-01 9.459999999999999520e-01 9.562000000000000499e-01 9.548999999999999710e-01 9.506000000000000005e-01
1.090000000000000000e+03 9.464000000000000190e-01 9.554000000000000270e-01 9.534000000000000252e-01 9.596999999999999975e-01 9.623000000000000442e-01
1.100000000000000000e+03 9.588999999999999746e-01 9.438999999999999613e-01 9.582000000000000517e-01 9.565000000000000169e-01 9.576999999999999957e-01
1.110000000000000000e+03 9.617999999999999883e-01 9.474000000000000199e-01 9.570999999999999508e-01 9.638999999999999790e-01 9.542000000000000481e-01
1.120000000000000000e+03 9.489999999999999547e-01 9.548999999999999710e-01 9.586999999999999966e-01 9.579999999999999627e-01 9.544000000000000261e-01
1.130000000000000000e+03 9.576000000000000068e-01 9.344000000000000083e-01 9.599999999999999645e-01 9.558999999999999719e-01 9.605000000000000204e-01
1.140000000000000000e+03 9.605000000000000204e-01 9.562000000000000499e-01 9.526999999999999913e-01 9.560999999999999499e-01 9.576000000000000068e-01
1.150000000000000000e+03 9.553000000000000380e-01 9.604000000000000314e-01 9.679999999999999716e-01 9.580999999999999517e-01 9.533000000000000362e-01
1.160000000000000000e+03 9.588999999999999746e-01 9.609999999999999654e-01 9.566999999999999948e-01 9.619999999999999662e-01 9.536000000000000032e-01
1.170000000000000000e+03 9.609999999999999654e-01 9.553000000000000380e-01 9.619999999999999662e-01 9.545000000000000151e-01 9.650999999999999579e-01
1.180000000000000000e+03 9.599999999999999645e-01 9.664000000000000368e-01 9.600999999999999535e-01 9.666000000000000147e-01 9.638999999999999790e-01
1.190000000000000000e+03 9.503000000000000336e-01 9.640999999999999570e-01 9.584000000000000297e-01 9.535000000000000142e-01 9.594000000000000306e-01
1.200000000000000000e+03 9.657000000000000028e-01 9.678999999999999826e-01 9.628999999999999782e-01 9.510999999999999455e-01 9.536999999999999922e-01
1.210000000000000000e+03 9.556000000000000050e-01 9.698999999999999844e-01 9.624000000000000332e-01 9.653000000000000469e-01 9.660999999999999588e-01
1.220000000000000000e+03 9.599999999999999645e-01 9.612000000000000544e-01 9.713000000000000522e-01 9.677000000000000046e-01 9.643000000000000460e-01
1.230000000000000000e+03 9.608999999999999764e-01 9.677000000000000046e-01 9.658999999999999808e-01 9.653000000000000469e-01 9.647000000000000020e-01
1.240000000000000000e+03 9.546000000000000041e-01 9.572000000000000508e-01 9.637000000000000011e-01 9.686000000000000165e-01 9.534000000000000252e-01
1.250000000000000000e+03 9.690999999999999615e-01 9.717000000000000082e-01 9.667000000000000037e-01 9.633000000000000451e-01 9.592000000000000526e-01
