0.000000000000000000e+00 1.433000000000000107e-01 1.010000000000000064e-01 9.840000000000000135e-02 7.929999999999999549e-02 1.142999999999999988e-01
1.000000000000000000e+01 1.610000000000000042e-01 2.474000000000000088e-01 1.059999999999999970e-01 9.810000000000000664e-02 1.183000000000000024e-01
2.000000000000000000e+01 2.454000000000000070e-01 2.389000000000000012e-01 2.770000000000000240e-01 2.021999999999999909e-01 2.510000000000000009e-01
3.000000000000000000e+01 2.538000000000000256e-01 2.763999999999999790e-01 2.492999999999999938e-01 1.875999999999999890e-01 2.149999999999999967e-01
4.000000000000000000e+01 2.792999999999999927e-01 2.677999999999999825e-01 3.156999999999999806e-01 2.225999999999999923e-01 3.139000000000000123e-01
5.000000000000000000e+01 2.564000000000000168e-01 2.711000000000000076e-01 3.140000000000000013e-01 2.321999999999999897e-01 3.683000000000000163e-01
6.000000000000000000e+01 3.029999999999999916e-01 3.388999999999999790e-01 3.246999999999999886e-01 2.177999999999999936e-01 4.006000000000000116e-01
7.000000000000000000e+01 3.220999999999999974e-01 3.300000000000000155e-01 3.013000000000000123e-01 2.679000000000000270e-01 4.245999999999999774e-01
8.000000000000000000e+01 3.418999999999999817e-01 3.040999999999999814e-01 3.528999999999999915e-01 2.750000000000000222e-01 4.496999999999999886e-01
9.000000000000000000e+01 3.378999999999999782e-01 3.160999999999999921e-01 3.195000000000000062e-01 2.803999999999999826e-01 3.516000000000000236e-01
1.000000000000000000e+02 3.189000000000000168e-01 3.321000000000000063e-01 3.541000000000000258e-01 2.833999999999999853e-01 3.902999999999999803e-01
1.100000000000000000e+02 3.516000000000000236e-01 3.230000000000000093e-01 3.332999999999999852e-01 2.793999999999999817e-01 3.690999999999999837e-01
1.200000000000000000e+02 3.854000000000000203e-01 3.457999999999999963e-01 3.191999999999999837e-01 3.472000000000000086e-01 4.220999999999999752e-01
1.300000000000000000e+02 1.884000000000000119e-01 2.622999999999999776e-01 2.439000000000000057e-01 2.564000000000000168e-01 3.615999999999999770e-01
1.400000000000000000e+02 3.943999999999999728e-01 3.558999999999999941e-01 3.482000000000000095e-01 3.070999999999999841e-01 4.277000000000000246e-01
1.500000000000000000e+02 4.354999999999999982e-01 4.280999999999999805e-01 3.538999999999999924e-01 3.706999999999999740e-01 4.399000000000000132e-01
1.600000000000000000e+02 4.650000000000000244e-01 3.695999999999999841e-01 3.759000000000000119e-01 3.968999999999999750e-01 4.475999999999999979e-01
1.700000000000000000e+02 4.445999999999999952e-01 3.798000000000000265e-01 3.810000000000000053e-01 3.880000000000000115e-01 4.545000000000000151e-01
1.800000000000000000e+02 4.563999999999999724e-01 4.321999999999999731e-01 4.465999999999999970e-01 3.948999999999999733e-01 4.642999999999999905e-01
1.900000000000000000e+02 4.672000000000000042e-01 4.183999999999999941e-01 4.656000000000000139e-01 3.987999999999999878e-01 4.873999999999999999e-01
2.000000000000000000e+02 4.823000000000000065e-01 4.139999999999999791e-01 4.568999999999999728e-01 4.280999999999999805e-01 4.646000000000000130e-01
2.100000000000000000e+02 4.494000000000000217e-01 4.534000000000000252e-01 4.773999999999999910e-01 4.711000000000000187e-01 4.645000000000000240e-01
2.200000000000000000e+02 4.955999999999999850e-01 4.027000000000000024e-01 4.506000000000000005e-01 4.808000000000000052e-01 4.685000000000000275e-01
2.300000000000000000e+02 4.883000000000000118e-01 4.781000000000000250e-01 4.811000000000000276e-01 4.741000000000000214e-01 4.843000000000000083e-01
2.400000000000000000e+02 4.661000000000000143e-01 4.752000000000000113e-01 4.787000000000000144e-01 4.303000000000000158e-01 4.692999999999999949e-01
2.500000000000000000e+02 4.874999999999999889e-01 5.020000000000000018e-01 4.848999999999999977e-01 4.787000000000000144e-01 4.905999999999999805e-01
2.600000000000000000e+02 5.160000000000000142e-01 4.192000000000000171e-01 4.057000000000000051e-01 4.441999999999999837e-01 5.489000000000000545e-01
2.700000000000000000e+02 4.596999999999999975e-01 4.867000000000000215e-01 4.566000000000000059e-01 4.487999999999999767e-01 5.532000000000000250e-01
2.800000000000000000e+02 5.221000000000000085e-01 4.758999999999999897e-01 4.728999999999999870e-01 4.485000000000000098e-01 5.696999999999999842e-01
2.900000000000000000e+02 4.973000000000000198e-01 5.341000000000000192e-01 4.819999999999999840e-01 4.788999999999999924e-01 5.618999999999999551e-01
3.000000000000000000e+02 5.343999999999999861e-01 5.974000000000000421e-01 4.761000000000000232e-01 4.563999999999999724e-01 5.289000000000000368e-01
3.100000000000000000e+02 5.107000000000000428e-01 5.282999999999999918e-01 5.032999999999999696e-01 4.612999999999999878e-01 5.482000000000000206e-01
3.200000000000000000e+02 5.171999999999999931e-01 5.270000000000000240e-01 5.137000000000000455e-01 5.623000000000000220e-01 5.689999999999999503e-01
3.300000000000000000e+02 5.615999999999999881e-01 5.480000000000000426e-01 5.224999999999999645e-01 5.235999999999999543e-01 5.975000000000000311e-01
3.400000000000000000e+02 5.784000000000000252e-01 5.574000000000000066e-01 5.362999999999999989e-01 5.302999999999999936e-01 6.187000000000000277e-01
3.500000000000000000e+02 5.900999999999999579e-01 5.358000000000000540e-01 5.143999999999999684e-01 5.447999999999999510e-01 5.775000000000000133e-01
3.600000000000000000e+02 5.510000000000000453e-01 5.816000000000000059e-01 5.412000000000000144e-01 4.940999999999999837e-01 5.891999999999999460e-01
3.700000000000000000e+02 5.627999999999999670e-01 5.828999999999999737e-01 5.464999999999999858e-01 5.405999999999999694e-01 5.968999999999999861e-01
3.800000000000000000e+02 5.926000000000000156e-01 5.372000000000000108e-01 5.512000000000000233e-01 5.291000000000000147e-01 5.575999999999999845e-01
3.900000000000000000e+02 5.504999999999999893e-01 5.308000000000000496e-01 5.407999999999999474e-01 5.507999999999999563e-01 5.875000000000000222e-01
4.000000000000000000e+02 5.903000000000000469e-01 5.452000000000000179e-01 5.629999999999999449e-01 5.790999999999999481e-01 6.057000000000000162e-01
4.100000000000000000e+02 6.360999999999999988e-01 5.081999999999999851e-01 5.574000000000000066e-01 5.933000000000000496e-01 5.536999999999999700e-01
4.200000000000000000e+02 6.463999999999999746e-01 5.552000000000000268e-01 5.477999999999999536e-01 6.066000000000000281e-01 5.533000000000000140e-01
4.300000000000000000e+02 6.009999999999999787e-01 5.462000000000000188e-01 5.672000000000000375e-01 5.514999999999999902e-01 5.958999999999999853e-01
4.400000000000000000e+02 5.756999999999999895e-01 5.548999999999999488e-01 5.721000000000000529e-01 5.807999999999999829e-01 6.082999999999999519e-01
4.500000000000000000e+02 5.933000000000000496e-01 5.410000000000000364e-01 5.726999999999999869e-01 6.038000000000000034e-01 6.067000000000000171e-01
4.600000000000000000e+02 6.182999999999999607e-01 5.607999999999999652e-01 6.038000000000000034e-01 5.937000000000000055e-01 6.112999999999999545e-01
4.700000000000000000e+02 6.372999999999999776e-01 5.907999999999999918e-01 6.247000000000000330e-01 6.065000000000000391e-01 6.220999999999999863e-01
4.800000000000000000e+02 6.913000000000000256e-01 5.948999999999999844e-01 6.562000000000000055e-01 5.990999999999999659e-01 6.326000000000000512e-01
4.900000000000000000e+02 6.353999999999999648e-01 5.957999999999999963e-01 6.221999999999999753e-01 5.856999999999999984e-01 6.250000000000000000e-01
5.000000000000000000e+02 6.687999999999999501e-01 6.151999999999999691e-01 6.536999999999999478e-01 6.177000000000000268e-01 6.457000000000000517e-01
5.100000000000000000e+02 6.885000000000000009e-01 6.229999999999999982e-01 6.329000000000000181e-01 6.367000000000000437e-01 6.118000000000000105e-01
5.200000000000000000e+02 6.663999999999999924e-01 5.856999999999999984e-01 6.490000000000000213e-01 5.792000000000000481e-01 6.247000000000000330e-01
5.300000000000000000e+02 7.006000000000000005e-01 6.014000000000000457e-01 6.490000000000000213e-01 5.631000000000000449e-01 6.127000000000000224e-01
5.400000000000000000e+02 6.913000000000000256e-01 5.945000000000000284e-01 6.578000000000000513e-01 6.008999999999999897e-01 6.589000000000000412e-01
5.500000000000000000e+02 6.858999999999999542e-01 6.523999999999999799e-01 6.632000000000000117e-01 5.931999999999999496e-01 6.796999999999999709e-01
5.600000000000000000e+02 7.105000000000000204e-01 6.241999999999999771e-01 6.711000000000000298e-01 6.548000000000000487e-01 6.707999999999999519e-01
5.700000000000000000e+02 7.130999999999999561e-01 6.518000000000000460e-01 6.624999999999999778e-01 6.643000000000000016e-01 6.390000000000000124e-01
5.800000000000000000e+02 7.145000000000000240e-01 6.407000000000000473e-01 6.562999999999999945e-01 6.373999999999999666e-01 6.497000000000000552e-01
5.900000000000000000e+02 7.007999999999999785e-01 6.442999999999999838e-01 6.627999999999999448e-01 6.653999999999999915e-01 6.278000000000000247e-01
6.000000000000000000e+02 7.025000000000000133e-01 6.591000000000000192e-01 6.874000000000000110e-01 6.612999999999999989e-01 6.412999999999999812e-01
6.100000000000000000e+02 7.042000000000000481e-01 6.464999999999999636e-01 6.493999999999999773e-01 6.750000000000000444e-01 6.790000000000000480e-01
6.200000000000000000e+02 7.055000000000000160e-01 6.366000000000000547e-01 6.682000000000000162e-01 6.679000000000000492e-01 6.553999999999999826e-01
6.300000000000000000e+02 6.998999999999999666e-01 6.774999999999999911e-01 6.719000000000000528e-01 6.713999999999999968e-01 6.826999999999999735e-01
6.400000000000000000e+02 7.096999999999999975e-01 6.482999999999999874e-01 6.615999999999999659e-01 6.632000000000000117e-01 6.319000000000000172e-01
6.500000000000000000e+02 7.088999999999999746e-01 6.687999999999999501e-01 6.973000000000000309e-01 6.999999999999999556e-01 6.735999999999999766e-01
6.600000000000000000e+02 7.330999999999999739e-01 7.112000000000000544e-01 6.659000000000000474e-01 7.065000000000000169e-01 7.214000000000000412e-01
6.700000000000000000e+02 7.422999999999999599e-01 7.224000000000000421e-01 6.972000000000000419e-01 7.153000000000000469e-01 6.711000000000000298e-01
6.800000000000000000e+02 7.301999999999999602e-01 7.371999999999999664e-01 6.989999999999999547e-01 7.163000000000000478e-01 7.043000000000000371e-01
6.900000000000000000e+02 7.354000000000000536e-01 7.015000000000000124e-01 6.582000000000000073e-01 7.315000000000000391e-01 6.795999999999999819e-01
7.000000000000000000e+02 7.498000000000000220e-01 7.302999999999999492e-01 7.352999999999999536e-01 7.178999999999999826e-01 6.888999999999999568e-01
7.100000000000000000e+02 7.106999999999999984e-01 7.272999999999999465e-01 7.042000000000000481e-01 7.337000000000000188e-01 7.043000000000000371e-01
7.200000000000000000e+02 7.418000000000000149e-01 7.223000000000000531e-01 6.985000000000000098e-01 7.423999999999999488e-01 7.405000000000000471e-01
7.300000000000000000e+02 7.488000000000000211e-01 7.282999999999999474e-01 7.200999999999999623e-01 7.423999999999999488e-01 7.440999999999999837e-01
7.400000000000000000e+02 7.521999999999999797e-01 7.155000000000000249e-01 7.291999999999999593e-01 7.466000000000000414e-01 6.942000000000000393e-01
7.500000000000000000e+02 7.562999999999999723e-01 7.388000000000000123e-01 7.068999999999999728e-01 7.675999999999999490e-01 7.084000000000000297e-01
7.600000000000000000e+02 7.487000000000000322e-01 7.457000000000000295e-01 7.008999999999999675e-01 7.533999999999999586e-01 6.944000000000000172e-01
7.700000000000000000e+02 7.397000000000000242e-01 7.461999999999999744e-01 7.046999999999999931e-01 7.623999999999999666e-01 6.349000000000000199e-01
7.800000000000000000e+02 7.662999999999999812e-01 7.429999999999999938e-01 7.119999999999999662e-01 7.228999999999999870e-01 6.846999999999999753e-01
7.900000000000000000e+02 6.967999999999999750e-01 7.663999999999999702e-01 7.541999999999999815e-01 7.682999999999999829e-01 7.141999999999999460e-01
8.000000000000000000e+02 7.603999999999999648e-01 7.560000000000000053e-01 7.673999999999999710e-01 7.645999999999999464e-01 7.338999999999999968e-01
8.100000000000000000e+02 7.902000000000000135e-01 7.534999999999999476e-01 7.883000000000000007e-01 7.524999999999999467e-01 7.154000000000000359e-01
8.200000000000000000e+02 7.552999999999999714e-01 7.409000000000000030e-01 7.648000000000000353e-01 7.427000000000000268e-01 7.370999999999999774e-01
8.300000000000000000e+02 7.945999999999999730e-01 7.754999999999999671e-01 7.590999999999999970e-01 7.783999999999999808e-01 7.351999999999999647e-01
8.400000000000000000e+02 7.695999999999999508e-01 7.476000000000000423e-01 7.590999999999999970e-01 7.584999999999999520e-01 7.227999999999999980e-01
8.500000000000000000e+02 7.330999999999999739e-01 7.534999999999999476e-01 7.614999999999999547e-01 7.794999999999999707e-01 7.540999999999999925e-01
8.600000000000000000e+02 7.560999999999999943e-01 7.818000000000000504e-01 7.533999999999999586e-01 7.856999999999999540e-01 7.540000000000000036e-01
8.700000000000000000e+02 7.828000000000000513e-01 7.623999999999999666e-01 7.397000000000000242e-01 7.752000000000000002e-01 7.426000000000000378e-01
8.800000000000000000e+02 7.578000000000000291e-01 7.832000000000000073e-01 7.354000000000000536e-01 7.921000000000000263e-01 7.326000000000000290e-01
8.900000000000000000e+02 8.036999999999999700e-01 7.421999999999999709e-01 7.899000000000000465e-01 7.805999999999999606e-01 7.655999999999999472e-01
9.000000000000000000e+02 7.755999999999999561e-01 7.657000000000000473e-01 7.072000000000000508e-01 7.778000000000000469e-01 7.403999999999999471e-01
9.100000000000000000e+02 7.674999999999999600e-01 7.721000000000000085e-01 7.542999999999999705e-01 7.490999999999999881e-01 7.902000000000000135e-01
9.200000000000000000e+02 7.973000000000000087e-01 7.665999999999999481e-01 7.510000000000000009e-01 7.964999999999999858e-01 7.963999999999999968e-01
9.300000000000000000e+02 7.625999999999999446e-01 7.845999999999999641e-01 7.742999999999999883e-01 7.819000000000000394e-01 7.979000000000000536e-01
9.400000000000000000e+02 7.779000000000000359e-01 7.876999999999999558e-01 7.701000000000000068e-01 7.731000000000000094e-01 7.780000000000000249e-01
9.500000000000000000e+02 7.689000000000000279e-01 7.839000000000000412e-01 7.798000000000000487e-01 7.902000000000000135e-01 7.924999999999999822e-01
9.600000000000000000e+02 8.152000000000000357e-01 7.960000000000000409e-01 7.975999999999999757e-01 7.661999999999999922e-01 7.617000000000000437e-01
9.700000000000000000e+02 8.065999999999999837e-01 8.192000000000000393e-01 7.818000000000000504e-01 7.952000000000000179e-01 7.930000000000000382e-01
9.800000000000000000e+02 8.061000000000000387e-01 7.699000000000000288e-01 7.651000000000000023e-01 7.993000000000000105e-01 8.165000000000000036e-01
9.900000000000000000e+02 7.941000000000000281e-01 7.866999999999999549e-01 7.842999999999999972e-01 7.887999999999999456e-01 8.137999999999999678e-01
1.000000000000000000e+03 8.212000000000000410e-01 8.155999999999999917e-01 7.715999999999999526e-01 8.031000000000000361e-01 8.254000000000000226e-01
