2.000000000000000000e+03 5.756521425785873362e+03 5.858247806866835163e+03 5.830969337837546846e+03 5.744857059383714841e+03 6.037141108455012727e+03
2.050000000000000000e+03 5.479050314956615694e+03 5.661702004303411741e+03 5.545382048608412333e+03 5.484142900730052133e+03 5.652275516558075651e+03
2.100000000000000000e+03 5.771298957440974846e+03 5.711467045312070695e+03 5.877564324098824727e+03 5.664743532216220046e+03 5.450357940727126334e+03
2.150000000000000000e+03 4.851287863087651203e+03 5.766410960329982117e+03 5.447322110660181352e+03 5.885510821178274455e+03 5.718843029942980138e+03
2.200000000000000000e+03 5.726035496134606547e+03 5.468113720999543148e+03 5.272116274331851855e+03 5.411955520386065473e+03 5.623106215770449126e+03
2.250000000000000000e+03 5.531245184850904479e+03 5.790491051033515760e+03 5.781170088873594977e+03 5.119419608740496187e+03 5.601755778246430054e+03
2.300000000000000000e+03 5.880698220730681896e+03 5.176282526843003325e+03 5.585163523064514266e+03 5.867849503135400482e+03 5.967583183439872300e+03
2.350000000000000000e+03 5.793874430488648613e+03 5.324812974589791338e+03 5.535453498203622075e+03 5.643047048905924385e+03 5.672473408614797336e+03
2.400000000000000000e+03 5.766062619130553685e+03 5.756673404147491965e+03 5.674908777936027946e+03 5.803437306058070135e+03 5.674095510097116858e+03
2.450000000000000000e+03 5.607431180421230238e+03 5.636889335432397274e+03 5.326514657735505352e+03 5.735843449503153352e+03 5.702549342077139954e+03
2.500000000000000000e+03 5.895671362944226530e+03 5.966755888438860893e+03 5.823122661615731886e+03 5.874450286807620614e+03 6.057444459027607081e+03
2.550000000000000000e+03 5.985200547653202193e+03 5.765794006089601680e+03 5.783235423604067364e+03 5.767564932416573356e+03 5.958215162945361953e+03
2.600000000000000000e+03 5.620784303000527871e+03 6.003536750866512193e+03 5.732325974314483574e+03 5.918564009695553978e+03 5.939070941124956335e+03
2.650000000000000000e+03 6.274968805003590205e+03 5.904615957304633412e+03 5.955117081587652137e+03 5.814722997882301570e+03 6.124534939459636917e+03
2.700000000000000000e+03 5.635472857214840587e+03 6.108370580908112970e+03 6.001887132873676819e+03 5.978731286929760245e+03 6.102507570948160719e+03
2.750000000000000000e+03 6.218631614071789954e+03 5.814737399118665962e+03 5.903982836340032009e+03 6.009316845093930169e+03 6.110339031373865510e+03
2.800000000000000000e+03 6.170813231291181182e+03 6.234959347975019227e+03 5.950004678165404584e+03 6.186173826820053364e+03 6.163734443460924922e+03
2.850000000000000000e+03 6.215980229703111945e+03 6.120874876688760196e+03 6.159979229093312824e+03 6.192824361496785059e+03 6.212264724951194694e+03
2.900000000000000000e+03 6.217808021521135743e+03 6.231312937744346527e+03 6.073065779094505160e+03 6.063808213913364852e+03 6.200154800717275975e+03
2.950000000000000000e+03 6.129818930397570512e+03 6.474469835973002773e+03 5.788646799459292197e+03 6.195376086920434318e+03 6.430867967503933869e+03
3.000000000000000000e+03 6.196839475825763657e+03 6.243651107984946975e+03 6.196765015036629848e+03 6.015901124313374567e+03 6.441471972410593480e+03
3.050000000000000000e+03 6.407116600773495520e+03 6.176246344563664024e+03 6.070953410286533654e+03 6.204775515071582959e+03 6.263519577516345635e+03
3.100000000000000000e+03 6.247427933594156457e+03 6.372538983785679193e+03 5.991227888103499026e+03 6.353070010993486903e+03 6.303496890421444732e+03
3.150000000000000000e+03 6.453975328110743249e+03 6.276661107147004259e+03 6.162277485602330671e+03 6.138156398782463839e+03 6.396801741491673965e+03
3.200000000000000000e+03 6.343844531081294917e+03 6.359149600748983175e+03 6.236527944516604293e+03 6.420452893941705952e+03 6.344989104803028567e+03
3.250000000000000000e+03 6.469456240603915830e+03 6.327342994744584757e+03 6.174405860884251524e+03 6.191503440521172706e+03 6.322567821733909113e+03
3.300000000000000000e+03 6.493093925188118192e+03 6.538406692974599537e+03 6.360540350549971663e+03 6.385512558440014800e+03 6.365062278056686409e+03
3.350000000000000000e+03 6.469764413493647226e+03 6.607835757294457835e+03 6.437887842249439018e+03 6.184860617291203198e+03 6.449259958567371541e+03
3.400000000000000000e+03 6.613915515003493056e+03 6.440482168201817331e+03 6.200558685643698482e+03 6.367023665784858167e+03 6.447430009487229654e+03
3.450000000000000000e+03 6.599593176887262416e+03 6.423029989459537319e+03 6.375086368324221439e+03 6.510262046479058881e+03 6.470557940815577240e+03
3.500000000000000000e+03 6.488568681239451507e+03 6.312022497911294522e+03 6.428962412159626183e+03 6.429753753192111617e+03 6.322190349091827557e+03
3.550000000000000000e+03 6.629262285292216802e+03 6.475995528230379932e+03 6.473136300941274385e+03 6.361367978299917013e+03 6.515577558602419231e+03
3.600000000000000000e+03 6.557548540776430855e+03 6.496447337407735176e+03 6.313530865444480696e+03 6.513937982113265207e+03 6.560782534088448301e+03
3.650000000000000000e+03 6.551551691610007765e+03 6.489952007389541905e+03 6.551610804549659406e+03 6.492512632443595976e+03 6.687978022693392631e+03
3.700000000000000000e+03 6.335256633478352342e+03 6.605122525040991604e+03 6.510899539183015804e+03 6.468420103311342245e+03 6.635384534565432659e+03
3.750000000000000000e+03 6.719746146561989917e+03 6.394005419639764114e+03 6.635682049694605666e+03 6.600845295637739582e+03 6.442999722685206507e+03
3.800000000000000000e+03 6.739653898261086397e+03 6.685898723353581772e+03 6.536262773209238730e+03 6.590517819967560172e+03 6.493406546702397463e+03
3.850000000000000000e+03 6.591915595546090117e+03 6.677026366291219347e+03 6.705146666495654244e+03 6.569572330914278609e+03 6.586050968916815691e+03
3.900000000000000000e+03 6.551323385197638345e+03 6.595120188492812304e+03 6.722438834803731879e+03 6.670069006462930702e+03 6.543542889587433820e+03
3.950000000000000000e+03 6.598843340392486425e+03 6.554844672283951695e+03 6.650103901771573874e+03 6.541383667395961311e+03 6.599723477465429823e+03
4.000000000000000000e+03 6.445504319216480326e+03 6.558592273696634038e+03 6.622372204247841182e+03 6.641274841034301971e+03 6.545570579538049969e+03
4.050000000000000000e+03 6.600749516015471272e+03 6.667306841441601136e+03 6.670458403779113723e+03 6.533936600647852174e+03 6.524722408173511212e+03
4.100000000000000000e+03 6.690084909766937017e+03 6.630810301744982098e+03 6.716759459716681704e+03 6.602369623231030346e+03 6.720245845666991954e+03
4.150000000000000000e+03 6.692265100570455616e+03 6.799113952538131343e+03 6.627060553470222658e+03 6.703440974329111668e+03 6.617131074428219108e+03
4.200000000000000000e+03 6.689481346556758581e+03 6.750676614004336443e+03 6.694540853101441826e+03 6.548347000953302995e+03 6.575882064595933116e+03
4.250000000000000000e+03 6.657894964963616076e+03 6.733074254483039113e+03 6.722719518769142269e+03 6.585580632701373361e+03 6.620980957853957079e+03
4.300000000000000000e+03 6.675210093715335461e+03 6.805417353504621133e+03 6.741333897284342129e+03 6.682357099462496080e+03 6.636233273024142363e+03
4.350000000000000000e+03 6.425459831392041451e+03 6.665994006269379497e+03 6.841480742975580142e+03 6.671494657841267326e+03 6.715780075563770879e+03
4.400000000000000000e+03 6.742688902094840159e+03 6.683502816989675011e+03 6.785230590927387311e+03 6.690110250602030646e+03 6.737288765591616539e+03
4.450000000000000000e+03 6.687132139145455767e+03 6.810187030199211222e+03 6.736412580392197015e+03 6.733084020849503759e+03 6.791757982674443156e+03
4.500000000000000000e+03 6.771360300956319406e+03 6.846864095887869553e+03 6.861692952768197756e+03 6.676411968044593777e+03 6.812163806154288068e+03
