2.000000000000000000e+03 5.756521425785873362e+03 5.858247806866835163e+03 5.830969337837546846e+03 5.744857059383714841e+03 6.037141108455012727e+03
2.050000000000000000e+03 5.676606851569702485e+03 5.549954707076370141e+03 5.744502901972953623e+03 5.509236262268790597e+03 5.791788664171748678e+03
2.100000000000000000e+03 5.447029379456400420e+03 5.509117293617192445e+03 5.766597143791652343e+03 5.615269581268293223e+03 5.498233999930371283e+03
2.150000000000000000e+03 5.462739828044191199e+03 5.464646928331196250e+03 5.746087909579656298e+03 5.391731601631757258e+03 5.440293631794722387e+03
2.200000000000000000e+03 5.671439267252534592e+03 5.557953534538464737e+03 5.129321659153935798e+03 5.465432152534469424e+03 5.618044341502863062e+03
2.250000000000000000e+03 5.596757717334285189e+03 5.771167590410663252e+03 5.649366187511242970e+03 5.905870482343629192e+03 5.692430000293079502e+03
2.300000000000000000e+03 5.475575257154373503e+03 5.276869127718379787e+03 5.879768499647122553e+03 5.647862709583428114e+03 5.739335863324597085e+03
2.350000000000000000e+03 5.558473959307625591e+03 5.958396172977321839e+03 5.824484210251236618e+03 5.571481888366709427e+03 5.578510796159804158e+03
2.400000000000000000e+03 5.586730797484414325e+03 5.778792248279186424e+03 5.458326611082623458e+03 5.641686070025120898e+03 5.628966363117400761e+03
2.450000000000000000e+03 5.683142728136682308e+03 5.820918170205197384e+03 5.809140593369713315e+03 5.474709318836585226e+03 5.821526958049579662e+03
2.500000000000000000e+03 5.880927112719406068e+03 5.977917777760989338e+03 5.451587296056518426e+03 5.844492853000650030e+03 5.602099544149809844e+03
2.550000000000000000e+03 5.814618228107524374e+03 5.994665605438376588e+03 5.744957014898473062e+03 5.404550789112036910e+03 5.935620404388741008e+03
2.600000000000000000e+03 5.858472990343351739e+03 5.417915467257619639e+03 5.931993743219841235e+03 6.016739100101909571e+03 5.793411692529371066e+03
2.650000000000000000e+03 5.812871457369568816e+03 5.764491991073284225e+03 5.776387492267872403e+03 5.837666576459969292e+03 5.864940337254260157e+03
2.700000000000000000e+03 5.748660162375026630e+03 6.141743864475472947e+03 6.045134569858605573e+03 6.075462557779314011e+03 5.858790918611224697e+03
2.750000000000000000e+03 5.916741810256804456e+03 6.257993360284674964e+03 5.954672882386961646e+03 6.188634206002341671e+03 5.886515123083740036e+03
2.800000000000000000e+03 6.022158128489760202e+03 6.329659678277324019e+03 6.160382369964213467e+03 5.718005042746961408e+03 6.186960156081659989e+03
2.850000000000000000e+03 5.830905135186796542e+03 6.010643044696026664e+03 6.164575917475553069e+03 6.020613396961192848e+03 6.085509614526719815e+03
2.900000000000000000e+03 6.180733736460950240e+03 5.809104905076577779e+03 5.935985409252484715e+03 6.269609888312001203e+03 6.121079944349016841e+03
2.950000000000000000e+03 5.907061430006106093e+03 6.221616998456873262e+03 6.014093100378820964e+03 5.908169615522697313e+03 5.943014824064007371e+03
3.000000000000000000e+03 5.952322388199821035e+03 6.035134883089661344e+03 6.259294578937317965e+03 6.249775153247225717e+03 6.344729593655328244e+03
3.050000000000000000e+03 6.243177427067899771e+03 6.242280372784714928e+03 5.926339469338554409e+03 6.176822631328202988e+03 6.357315414203692853e+03
3.100000000000000000e+03 6.221340873223229210e+03 5.746025021877532708e+03 6.147680895349191815e+03 6.308098878069788043e+03 6.105823533725326342e+03
3.150000000000000000e+03 6.094217179401974136e+03 6.373626072784913958e+03 6.288823577453998951e+03 6.211814286408641237e+03 6.290507950224960041e+03
3.200000000000000000e+03 6.290726595400366932e+03 6.500193223682421376e+03 6.156449783946734897e+03 6.193146310524312867e+03 6.420599667005236370e+03
3.250000000000000000e+03 6.328192616334681588e+03 6.577623911845003022e+03 6.408121072021618602e+03 6.376197402828565828e+03 6.482841431415114130e+03
3.300000000000000000e+03 6.471162695805133808e+03 6.548258775478784628e+03 6.321426016622604038e+03 6.164862422952206543e+03 6.491036960617336263e+03
3.350000000000000000e+03 6.410431949716235067e+03 6.504607801557523089e+03 6.346177577003870283e+03 6.106992864152579386e+03 6.460143375618375103e+03
3.400000000000000000e+03 6.384710193205029100e+03 6.442443508029133227e+03 6.501468882986844619e+03 6.546703976844966746e+03 6.399361416883420134e+03
3.450000000000000000e+03 6.359855815571888343e+03 6.476201992101568976e+03 6.410302657239648397e+03 6.470046577837769291e+03 6.538281511299690465e+03
3.500000000000000000e+03 6.364950320879429455e+03 6.566798165401196457e+03 6.336065358579597159e+03 6.521422091960354919e+03 6.452968217397095032e+03
3.550000000000000000e+03 6.412946267554274527e+03 6.682180328601786641e+03 6.444047626801257138e+03 6.556057982024030935e+03 6.301398507387945756e+03
3.600000000000000000e+03 6.598426697723612961e+03 6.611454843526067634e+03 6.605773654800413169e+03 6.523557853161226376e+03 6.517487697400482830e+03
3.650000000000000000e+03 6.597116909316184319e+03 6.475923753572722489e+03 6.688228763662314122e+03 6.467615694750482362e+03 6.613190892375447220e+03
3.700000000000000000e+03 6.524104917350472533e+03 6.491719396266475997e+03 6.586771424499204841e+03 6.519870980954420702e+03 6.479990338677728687e+03
3.750000000000000000e+03 6.599419554030735526e+03 6.521466031956234474e+03 6.551487537781557876e+03 6.588358043993353022e+03 6.526541104066383923e+03
3.800000000000000000e+03 6.592526796519891832e+03 6.565743414706706062e+03 6.624119071108798380e+03 6.564417005497762148e+03 6.689193096467037321e+03
3.850000000000000000e+03 6.592978056631663094e+03 6.686968686214388981e+03 6.647025649860742305e+03 6.633830964857645995e+03 6.651248532739989969e+03
3.900000000000000000e+03 6.689306558108297395e+03 6.570266507340280441e+03 6.706162256433567563e+03 6.586821111068213213e+03 6.613697327703988776e+03
3.950000000000000000e+03 6.588151867410946579e+03 6.721353289766366288e+03 6.700882362875564468e+03 6.704520986898130104e+03 6.660849837746627600e+03
4.000000000000000000e+03 6.536255620913776511e+03 6.664980701404561842e+03 6.702786875313836390e+03 6.690379726557205686e+03 6.717843866217621326e+03
4.050000000000000000e+03 6.731356474593540042e+03 6.678684781817069052e+03 6.684322851949199503e+03 6.685939357773965639e+03 6.677194476697332902e+03
4.100000000000000000e+03 6.695001130802278567e+03 6.749283449243048381e+03 6.705377173440979277e+03 6.694204407680835175e+03 6.825666680581049150e+03
4.150000000000000000e+03 6.737929572310098592e+03 6.783749747039335489e+03 6.715792612700069185e+03 6.719375492442148243e+03 6.830471981155380490e+03
4.200000000000000000e+03 6.731046108188081234e+03 6.817141752604817157e+03 6.731139202024140104e+03 6.692832009292264956e+03 6.790793142193156200e+03
4.250000000000000000e+03 6.719479585836759725e+03 6.817808367600653582e+03 6.739619062187804957e+03 6.723824870586558973e+03 6.682275745825263584e+03
4.300000000000000000e+03 6.759122358185117264e+03 6.730892293231035183e+03 6.728053111845660169e+03 6.743204206967227037e+03 6.657305121496003267e+03
4.350000000000000000e+03 6.799866149944983590e+03 6.818743998629250200e+03 6.725779976311942846e+03 6.650273003985365904e+03 6.551650062157721550e+03
4.400000000000000000e+03 6.749165614901065965e+03 6.824222075919352392e+03 6.810465033209525245e+03 6.714127815624696268e+03 6.653813249294457819e+03
4.450000000000000000e+03 6.731348485465470731e+03 6.673762112114348383e+03 6.712236323210120645e+03 6.688083476776148927e+03 6.736756888123204590e+03
4.500000000000000000e+03 6.865818774685276367e+03 6.672895679843077232e+03 6.719467722803021388e+03 6.671351345770260195e+03 6.756571259742934672e+03
