2.000000000000000000e+03 5.756521425785873362e+03 5.858247806866835163e+03 5.830969337837546846e+03 5.744857059383714841e+03 6.037141108455012727e+03
2.050000000000000000e+03 5.793372391783179410e+03 5.711342423973593213e+03 5.507521633381237734e+03 5.378479878142486996e+03 5.430043374363630392e+03
2.100000000000000000e+03 5.551955934609384713e+03 5.847438337699461954e+03 5.694036203878773449e+03 5.424346855472593234e+03 5.667471436492314751e+03
2.150000000000000000e+03 5.697693826794751658e+03 5.693382610581813424e+03 5.764762162259639808e+03 5.171948599621856374e+03 5.738721119253078541e+03
2.200000000000000000e+03 5.615705505392576924e+03 5.712714009993006584e+03 5.819062245669222648e+03 5.506879791781701897e+03 5.881830147922169999e+03
2.250000000000000000e+03 5.966154951056995742e+03 5.574201866087350027e+03 5.689362556915748428e+03 5.531651149566703680e+03 5.549718620675250349e+03
2.300000000000000000e+03 5.984833612190425811e+03 5.922838038431725181e+03 5.978853038114375522e+03 5.585962447556574261e+03 5.870544501627673526e+03
2.350000000000000000e+03 5.623525121951425717e+03 6.003731246167762947e+03 5.689299585967097300e+03 5.560217114821680298e+03 5.981903494796853010e+03
2.400000000000000000e+03 5.945821955991844334e+03 5.491265935362467644e+03 5.858055978305144890e+03 5.707657697483596166e+03 6.039855034322219581e+03
2.450000000000000000e+03 5.925504556723605674e+03 6.083509186257775582e+03 5.873309002869411415e+03 5.184044717720703375e+03 5.966726848901951598e+03
2.500000000000000000e+03 6.053332217937533642e+03 6.068333087398017597e+03 5.725955493374150137e+03 5.125235845642077038e+03 6.176455053446591592e+03
2.550000000000000000e+03 6.004354330897872387e+03 5.920403051846032213e+03 5.664396692003142562e+03 5.529142698860406199e+03 5.770746094251198883e+03
2.600000000000000000e+03 6.085724285771105315e+03 6.119542242735425134e+03 6.025979080279887057e+03 5.628225429320233161e+03 5.843375996335182208e+03
2.650000000000000000e+03 5.952112361836529999e+03 6.150998275827347243e+03 6.184478145638648130e+03 5.750732254215932699e+03 5.901062458836208862e+03
2.700000000000000000e+03 5.891107345953077129e+03 5.990662372481730927e+03 5.683273207287781588e+03 5.843242891891947693e+03 6.004539565746520566e+03
2.750000000000000000e+03 6.116890092990336598e+03 6.201854667478584815e+03 5.844165929664781288e+03 5.924268535112302743e+03 6.003346460731400839e+03
2.800000000000000000e+03 6.166162273157197887e+03 6.042048084790589201e+03 5.919936499348377765e+03 5.848492630496963102e+03 5.703031803892898097e+03
2.850000000000000000e+03 6.055178403839111525e+03 6.276255345881341782e+03 5.823499999849322194e+03 5.954360960005206834e+03 5.853253801993562774e+03
2.900000000000000000e+03 6.160621355186654000e+03 6.188099441338194993e+03 5.980003991517157374e+03 5.821275072925187487e+03 6.072407761231052064e+03
2.950000000000000000e+03 6.158171232923481512e+03 6.074122732776946577e+03 6.147265254060284860e+03 6.042423572065796179e+03 6.232890891383000962e+03
3.000000000000000000e+03 6.227578547424212957e+03 6.263167123922377868e+03 5.879880738285150073e+03 5.982166829401879113e+03 6.216642775546612938e+03
3.050000000000000000e+03 6.224110983433038200e+03 6.201903624764816414e+03 6.212345722372517230e+03 5.704910183718868211e+03 5.927569511031806542e+03
3.100000000000000000e+03 6.137462035196176657e+03 6.180103163856198989e+03 5.997287959489562127e+03 6.159446280434743130e+03 5.800556955163524435e+03
3.150000000000000000e+03 6.131270868100615189e+03 6.382128998956393843e+03 6.099058501617821094e+03 6.031407416732625279e+03 6.030323208448327932e+03
3.200000000000000000e+03 6.334244916904698584e+03 6.151480408288613944e+03 6.378031096265443921e+03 6.069238426094064380e+03 6.235868191645762636e+03
3.250000000000000000e+03 6.246402071943974988e+03 6.398449664661128736e+03 6.398458034252817924e+03 6.449251390978310155e+03 6.172556852492870348e+03
3.300000000000000000e+03 6.400444257759273569e+03 6.287412771152648929e+03 6.326236417803498625e+03 6.431771332448342037e+03 6.297619381025771872e+03
3.350000000000000000e+03 6.392263386876766162e+03 6.272758756671159063e+03 6.140200173948386691e+03 6.344994735471836066e+03 6.341947480034508771e+03
3.400000000000000000e+03 6.143157063405579720e+03 6.447877601107731607e+03 6.263934997174912496e+03 6.389398367753223283e+03 6.340203248267545860e+03
3.450000000000000000e+03 6.060838155754521722e+03 6.433956097407211928e+03 6.274667790308382791e+03 6.424357656705808040e+03 6.207277915762869270e+03
3.500000000000000000e+03 6.221883745241178076e+03 6.299153035121906214e+03 6.340671282234357022e+03 6.477240667240076618e+03 6.346046226870081227e+03
3.550000000000000000e+03 6.246503766339845242e+03 6.317081525272644285e+03 6.362484839861214823e+03 6.424653902789086715e+03 6.362248430940557228e+03
3.600000000000000000e+03 6.196045961071790771e+03 6.340902014401490305e+03 6.339148648595104532e+03 6.457769681058430251e+03 6.513894153790725795e+03
3.650000000000000000e+03 6.316187864772792636e+03 6.393498407103613317e+03 6.481917481588514420e+03 6.418750843949749651e+03 6.632949895817928336e+03
3.700000000000000000e+03 6.296445504828045159e+03 5.955557007311510461e+03 6.454328205000578237e+03 6.571937049893854237e+03 6.512530915328306946e+03
3.750000000000000000e+03 6.338636780245000409e+03 6.482995955353874706e+03 6.014729500349981208e+03 6.596507641877165042e+03 6.477177276785293543e+03
3.800000000000000000e+03 6.340512824761388401e+03 6.614654440807528772e+03 6.240698767648320427e+03 6.456279239152893751e+03 6.572762599264321580e+03
3.850000000000000000e+03 6.416065987076451165e+03 6.554548291007302396e+03 6.389076697061471350e+03 6.519750905150049221e+03 6.513723943863070417e+03
3.900000000000000000e+03 6.460330765323999913e+03 6.579594313505315768e+03 6.376976023724235347e+03 6.536607964085422282e+03 6.514048649137412212e+03
3.950000000000000000e+03 6.513342431275744275e+03 6.673314077680619448e+03 6.368372219052138462e+03 6.489067904308719335e+03 6.608322542334177342e+03
4.000000000000000000e+03 6.510002513717683541e+03 6.641374796553493979e+03 6.464915259246719870e+03 6.475610196317412374e+03 6.718885117735060703e+03
4.050000000000000000e+03 6.382675869191692072e+03 6.533179970528543890e+03 6.520538036212262341e+03 6.516442424688477331e+03 6.704182538836254025e+03
4.100000000000000000e+03 6.324781100883405998e+03 6.615224500356889621e+03 6.538232321452537690e+03 6.469272236154773964e+03 6.623656237548668287e+03
4.150000000000000000e+03 6.459189722827487458e+03 6.691411342433342725e+03 6.496791076846140641e+03 6.476179288977540637e+03 6.664793415903074674e+03
4.200000000000000000e+03 6.583281783722205546e+03 6.683877695276797567e+03 6.410325492269525057e+03 6.561277218281246860e+03 6.482656159141262833e+03
4.250000000000000000e+03 6.639800167609868367e+03 6.679674524445184034e+03 6.545057337006110174e+03 6.575781681981291513e+03 6.537679308430037963e+03
4.300000000000000000e+03 6.557907471841360348e+03 6.591108989698019286e+03 6.669245081888434470e+03 6.655142951073988115e+03 6.682708891425045294e+03
4.350000000000000000e+03 6.612105565810778899e+03 6.739272435821270847e+03 6.568212424913404902e+03 6.581990476196289819e+03 6.683263711805215280e+03
4.400000000000000000e+03 6.663762859712368481e+03 6.766338487039342908e+03 6.615207726049346093e+03 6.517936304256174481e+03 6.551585634026535445e+03
4.450000000000000000e+03 6.571385206155164269e+03 6.784241612650440402e+03 6.583095613308353677e+03 6.530694577133913299e+03 6.722787341614274737e+03
4.500000000000000000e+03 6.524998215744300069e+03 6.730639041079239178e+03 6.528777520854915565e+03 6.495876420759510438e+03 6.685227613158319400e+03
