2.000000000000000000e+03 5.756521425785873362e+03 5.858247806866835163e+03 5.830969337837546846e+03 5.744857059383714841e+03 6.037141108455012727e+03
2.050000000000000000e+03 5.605817057404919069e+03 5.756573870181861821e+03 5.375277864872035934e+03 5.638004343177288320e+03 5.903457804332823798e+03
2.100000000000000000e+03 5.586242878250540343e+03 5.678325801811368365e+03 5.703211602558974846e+03 5.516082252696029173e+03 5.761079291503790955e+03
2.150000000000000000e+03 5.715791771457511459e+03 5.630339866506723411e+03 5.773100535561778997e+03 5.444878663487848826e+03 5.688405571013664485e+03
2.200000000000000000e+03 5.862174801523035057e+03 5.666550677927197285e+03 5.758253510117910082e+03 5.733159480541056837e+03 5.433390419347040734e+03
2.250000000000000000e+03 5.820663301272026729e+03 5.647565409372672548e+03 5.358597087442597513e+03 5.874631234007009880e+03 5.451043769037364655e+03
2.300000000000000000e+03 5.962394654747559798e+03 5.455243846021793615e+03 5.450787753136704850e+03 5.494234063122741645e+03 5.586359056407067328e+03
2.350000000000000000e+03 6.038520823523867875e+03 5.722855862977774450e+03 5.653977936222243443e+03 5.353684726663444962e+03 5.651378695551410601e+03
2.400000000000000000e+03 5.890354585378282536e+03 5.389842669169023793e+03 5.844281065586252225e+03 5.616153178939738609e+03 5.755813877162785502e+03
2.450000000000000000e+03 5.753786358493543048e+03 6.041069247891662599e+03 5.664960204683398842e+03 5.767335565377972671e+03 5.609806282424367055e+03
2.500000000000000000e+03 5.952699775653990400e+03 5.995158829951226835e+03 5.785502028066612183e+03 5.745608011892523791e+03 5.970212709643668859e+03
2.550000000000000000e+03 5.977255418675586043e+03 5.678272553324613000e+03 5.772196623116084993e+03 5.630031731213880448e+03 5.743115069617277186e+03
2.600000000000000000e+03 5.938008980777247416e+03 5.964665249327069432e+03 5.762414658483344283e+03 5.904701693829411852e+03 5.910534248139725605e+03
2.650000000000000000e+03 5.871739615992823019e+03 5.888151203933145553e+03 5.892339162970061807e+03 5.808015379152390778e+03 5.977224032469292069e+03
2.700000000000000000e+03 5.906546818943700600e+03 6.122094683894618356e+03 5.634843428980244425e+03 5.885831725428162827e+03 5.939115571142208864e+03
2.750000000000000000e+03 5.882293352914053685e+03 6.214471780773210412e+03 6.038587772267334913e+03 5.868710000996176859e+03 5.886617396454435948e+03
2.800000000000000000e+03 6.043312048622339717e+03 6.248450298420651961e+03 5.904939892882573986e+03 5.780469454848670466e+03 5.630094445253707818e+03
2.850000000000000000e+03 6.089686073172731085e+03 6.027666763731380343e+03 5.942506016002038450e+03 5.381330682490825893e+03 6.036606543658876944e+03
2.900000000000000000e+03 6.116560088547554187e+03 6.027092472789207022e+03 6.152638688676030142e+03 5.837579424075513089e+03 6.146580023046171846e+03
2.950000000000000000e+03 6.110640344270787864e+03 6.350472565831508291e+03 6.186405787581717050e+03 5.952208762173469040e+03 6.173148012694098725e+03
3.000000000000000000e+03 6.216215177435759870e+03 6.174946494199320114e+03 5.987703967741325869e+03 5.923951958005053712e+03 6.164143640933890310e+03
3.050000000000000000e+03 6.221230359666205004e+03 6.354516769646735156e+03 6.099699622239702876e+03 6.119285651787164170e+03 6.248267487867231466e+03
3.100000000000000000e+03 6.239884041598820659e+03 6.364195385876922046e+03 6.196443062307615037e+03 6.284297213273589477e+03 5.927972943519655018e+03
3.150000000000000000e+03 6.319433747672084792e+03 6.349164912338568683e+03 6.159895286677757213e+03 6.244023741449635963e+03 6.179314122779943318e+03
3.200000000000000000e+03 6.179775611800116167e+03 6.334700723120552539e+03 6.110865635175100579e+03 6.304979596652706277e+03 6.282001167201707176e+03
3.250000000000000000e+03 6.361825496186776945e+03 6.437224206832197524e+03 6.213177204198029358e+03 6.360859414967923840e+03 6.420868917295697429e+03
3.300000000000000000e+03 6.226904741245391961e+03 6.419755556627343140e+03 6.295184060633270747e+03 6.356027948258225479e+03 6.490828318197277440e+03
3.350000000000000000e+03 6.436075459141758984e+03 6.362868939311870236e+03 6.379974452926234335e+03 6.310231953713659095e+03 6.253297974516933209e+03
3.400000000000000000e+03 6.214892414788542737e+03 6.101538690867833793e+03 6.299600417051173281e+03 6.283747092123278890e+03 6.443040594199548650e+03
3.450000000000000000e+03 6.392260536067024077e+03 6.238488850930082663e+03 6.313347611205798785e+03 6.114637191251442346e+03 6.465339843177046532e+03
3.500000000000000000e+03 6.480627834859464201e+03 6.355946998478463684e+03 6.311297386589743837e+03 6.343566781264333258e+03 6.377991524980003305e+03
3.550000000000000000e+03 6.419343103402857196e+03 6.528240385102133587e+03 6.191252049364148661e+03 6.339715149543623738e+03 6.439112193785927957e+03
3.600000000000000000e+03 6.334772288883072179e+03 6.516908480061758382e+03 6.297228088105292954e+03 6.282673450565266648e+03 6.384154760462530248e+03
3.650000000000000000e+03 6.336424262592704508e+03 6.518104367492744132e+03 6.357759378736928738e+03 6.261693565366615076e+03 6.384641560443498747e+03
3.700000000000000000e+03 6.443703340102255424e+03 6.640827478039752350e+03 6.404870004937324666e+03 6.401392357245021230e+03 6.420676182762458666e+03
3.750000000000000000e+03 6.337638444081943817e+03 6.589980359185189627e+03 6.340006315155986158e+03 6.530335856302055618e+03 6.468629314256233556e+03
3.800000000000000000e+03 6.279776302127664167e+03 6.507815523742881851e+03 6.441865418240879080e+03 6.428444943299326042e+03 6.350398767852504534e+03
3.850000000000000000e+03 6.392353065157545643e+03 6.544697632170459656e+03 6.493548621859751620e+03 6.400791522408097080e+03 6.196675759613141963e+03
3.900000000000000000e+03 6.595860399753699312e+03 6.583016868143468855e+03 6.492439588975618790e+03 6.434966297163965464e+03 6.501418221925033322e+03
3.950000000000000000e+03 6.506630763676278548e+03 6.566788092886171398e+03 6.365765558362186312e+03 6.423587762115472287e+03 6.705482423643220500e+03
4.000000000000000000e+03 6.470527348007954970e+03 6.652645221120464157e+03 6.414783506091543131e+03 6.491310127517737783e+03 6.641190812273592201e+03
4.050000000000000000e+03 6.427863585942928694e+03 6.657703444870710882e+03 6.579991216363473541e+03 6.518939209607056910e+03 6.667239784750781837e+03
4.100000000000000000e+03 6.470959347447810615e+03 6.399262059061754371e+03 6.491358819877899805e+03 6.567485933119502988e+03 6.713126335561013548e+03
4.150000000000000000e+03 6.548509459273974244e+03 6.590604908282085489e+03 6.675937976606170196e+03 6.601321020460037289e+03 6.621264795786111790e+03
4.200000000000000000e+03 6.434895841044741246e+03 6.732757906914643172e+03 6.658086371579202023e+03 6.584012020313702124e+03 6.724827918495721860e+03
4.250000000000000000e+03 6.384574793231428885e+03 6.764015282974415641e+03 6.561898577347043101e+03 6.666925342533343610e+03 6.731178354808149379e+03
4.300000000000000000e+03 6.678269664110841404e+03 6.773296036881263717e+03 6.601551858008498129e+03 6.629952354941033263e+03 6.749995925557350347e+03
4.350000000000000000e+03 6.711170303949237677e+03 6.648424450734118182e+03 6.591720777429567534e+03 6.656203322718235540e+03 6.750423607666067255e+03
4.400000000000000000e+03 6.677014696009694489e+03 6.720475351089741707e+03 6.572850312296924130e+03 6.610923120135508725e+03 6.675136339920573846e+03
4.450000000000000000e+03 6.673103894494959604e+03 6.760190155967630744e+03 6.690653642347392633e+03 6.519034741724899504e+03 6.686116458415890520e+03
4.500000000000000000e+03 6.544026342158167608e+03 6.848952779078627827e+03 6.792602139369280849e+03 6.704661937872281669e+03 6.728015618469044057e+03
