2.000000000000000000e+03 5.756521425785873362e+03 5.858247806866835163e+03 5.830969337837546846e+03 5.744857059383714841e+03 6.037141108455012727e+03
2.050000000000000000e+03 5.689756904072988618e+03 5.826690398730200286e+03 5.867659074256484928e+03 5.719651909832341516e+03 5.749338341536837106e+03
2.100000000000000000e+03 5.677885852121969037e+03 5.954897951726119572e+03 5.637984300431704469e+03 5.473895421241947588e+03 5.559481341734882335e+03
2.150000000000000000e+03 5.579999442067872224e+03 5.908012007599752906e+03 5.716301518964669413e+03 5.505623480814694631e+03 5.750516420653994828e+03
2.200000000000000000e+03 5.614780128481963402e+03 5.786734773318212319e+03 5.871781121341219659e+03 5.846983622424138957e+03 5.807236698996535779e+03
2.250000000000000000e+03 5.574929991558558868e+03 5.955955139867424805e+03 5.806589135965539754e+03 5.905871970721509570e+03 5.822415374120880188e+03
2.300000000000000000e+03 5.911338824995954383e+03 5.909674452126404503e+03 5.496203871965478356e+03 5.728337312539454615e+03 5.706552056565356907e+03
2.350000000000000000e+03 6.009600469689938109e+03 5.978178719758204352e+03 5.203429376357556976e+03 5.994975862341882930e+03 5.958178232333350024e+03
2.400000000000000000e+03 5.964711890085397499e+03 6.014528605231805159e+03 5.753487737936380654e+03 5.962896864530445782e+03 6.087713400969510985e+03
2.450000000000000000e+03 5.866007884008046858e+03 6.177225454448081109e+03 5.895690610384134743e+03 5.909382915632653749e+03 5.990477403429169499e+03
2.500000000000000000e+03 5.857648817294679247e+03 6.081502468816323926e+03 5.672521624412558594e+03 5.972901049030127069e+03 5.976405122570917229e+03
2.550000000000000000e+03 5.880920257129107995e+03 6.092130435981856863e+03 5.531988652552840904e+03 5.830460012399383231e+03 6.151977536868057541e+03
2.600000000000000000e+03 5.954117201614605619e+03 6.213554468325178277e+03 5.587669292555155153e+03 6.012858487245442120e+03 6.043568996798665466e+03
2.650000000000000000e+03 6.075188671264472760e+03 6.094318667176427880e+03 5.859050474998056416e+03 6.069989200446952054e+03 5.968648992646425540e+03
2.700000000000000000e+03 5.953279160464872803e+03 5.879929409529097029e+03 5.930658282690516899e+03 6.040011472791970846e+03 6.110176589528078694e+03
2.750000000000000000e+03 6.111872785259603916e+03 5.934625803673610790e+03 5.884505760922221270e+03 5.916837870287867190e+03 5.862546274816349978e+03
2.800000000000000000e+03 5.925612933869674634e+03 6.113921744837162805e+03 6.052570600456150714e+03 5.869889278963105426e+03 5.794722050317061985e+03
2.850000000000000000e+03 6.122026143440397391e+03 6.112328086811686262e+03 6.040378016719619154e+03 6.018298198249629422e+03 6.038391378920980969e+03
2.900000000000000000e+03 6.179321699924050336e+03 6.211026819471685485e+03 6.093735139449690905e+03 6.012620172231671859e+03 5.791982345597713902e+03
2.950000000000000000e+03 6.168751180040918371e+03 6.113412639232682523e+03 6.131695630126457218e+03 6.021029197705447586e+03 5.805040499005483071e+03
3.000000000000000000e+03 6.293177978185422035e+03 5.950037928958691737e+03 6.127773928319595143e+03 6.017326440271986030e+03 5.995325749839075797e+03
3.050000000000000000e+03 6.275650677318614726e+03 6.271175675807671723e+03 6.074572765475930282e+03 6.012882897357619186e+03 6.070317038941875580e+03
3.100000000000000000e+03 6.072758513388159372e+03 6.054654379426416199e+03 6.203839216352363110e+03 6.045203714178009250e+03 6.038625658467996800e+03
3.150000000000000000e+03 6.037956278694571665e+03 6.178275178917457197e+03 6.210107140286699178e+03 6.082986342771655472e+03 6.069673816805078786e+03
3.200000000000000000e+03 6.002284564612134091e+03 5.909517166135078696e+03 6.271817586504726933e+03 6.191949672295066193e+03 6.295040636355140123e+03
3.250000000000000000e+03 6.344891181370609957e+03 6.010000040179850657e+03 6.316363341620090978e+03 6.213628398503557037e+03 6.278465759122015697e+03
3.300000000000000000e+03 6.346736617705887511e+03 5.989295676308945076e+03 5.833813604388857129e+03 6.135620210512422091e+03 6.324788486052116241e+03
3.350000000000000000e+03 6.261389321722921522e+03 6.005673587658505312e+03 6.073543557720186072e+03 6.132551588248366897e+03 6.297462847645038892e+03
3.400000000000000000e+03 6.102368127919998187e+03 5.905834687200897861e+03 6.203470520072367435e+03 6.270481113396341243e+03 6.317379453496852875e+03
3.450000000000000000e+03 6.347115351658440886e+03 6.104495530929171764e+03 6.315614666679106449e+03 6.021420582480527628e+03 6.321741671531617612e+03
3.500000000000000000e+03 6.245557323518791236e+03 5.986757422838791172e+03 6.171855575109369056e+03 6.223428299560566302e+03 6.265533473815365141e+03
3.550000000000000000e+03 6.252338188989790069e+03 6.103179660916383000e+03 6.229489340236108546e+03 6.418682216369935304e+03 6.105156711232860289e+03
3.600000000000000000e+03 6.413871819599967239e+03 6.185107739268087244e+03 6.350324984399502682e+03 6.293183152538701506e+03 6.165382875496226006e+03
3.650000000000000000e+03 6.347010898385713517e+03 6.292635584671046672e+03 6.054950339007627917e+03 6.090858530205278839e+03 6.231356930874681893e+03
3.700000000000000000e+03 6.442058359311102322e+03 6.507354897946273923e+03 6.294639788342880820e+03 6.230963335124364676e+03 6.142313248506717173e+03
3.750000000000000000e+03 6.480712203893295737e+03 6.539019679346003613e+03 6.378009656997277489e+03 6.373638417833584754e+03 6.190484423833392611e+03
3.800000000000000000e+03 6.238557820655393698e+03 6.532225357113428799e+03 6.300076473112781969e+03 6.483315311927550283e+03 5.923691156319178845e+03
3.850000000000000000e+03 6.265777238024535109e+03 6.501461752648072434e+03 6.348575835262575310e+03 6.458870755575755538e+03 5.976450083392982378e+03
3.900000000000000000e+03 6.386729940848712431e+03 6.622364683551813869e+03 6.401099517291676420e+03 6.424102706434106040e+03 6.165126999652159611e+03
3.950000000000000000e+03 6.405325393225420157e+03 6.576477269729158252e+03 6.487017219321238372e+03 6.267674915199286261e+03 6.188535918360597861e+03
4.000000000000000000e+03 6.402731688766404659e+03 6.555756064407599297e+03 6.499744013210669436e+03 6.213296006967988433e+03 6.208483186670201576e+03
4.050000000000000000e+03 6.257565070378651399e+03 6.474668629859661451e+03 6.480230707104768953e+03 6.223953983056177094e+03 6.237592594079533228e+03
4.100000000000000000e+03 6.165986074445454506e+03 6.484947559200372780e+03 6.489808458473718929e+03 6.394690335381083059e+03 6.401894509452558850e+03
4.150000000000000000e+03 6.085928048774636409e+03 6.578707630920274823e+03 6.433073410367792349e+03 6.436593332453790936e+03 6.471295766546190862e+03
4.200000000000000000e+03 6.153418225514613368e+03 6.437383346761805115e+03 6.426389880255082062e+03 6.526630193063816478e+03 6.488819946954729858e+03
4.250000000000000000e+03 6.282003364828485246e+03 6.092766959068087090e+03 6.503009617123881981e+03 6.326561533672506812e+03 6.372702670863017374e+03
4.300000000000000000e+03 6.317222449358344420e+03 6.295961223054894617e+03 6.523206331880975085e+03 6.269775853740144157e+03 6.379590887786519488e+03
4.350000000000000000e+03 6.431382746246571514e+03 6.472915892079829973e+03 6.554713995119482206e+03 6.547171768350096499e+03 6.493760263938688695e+03
4.400000000000000000e+03 6.381867090816611380e+03 6.243324865036489427e+03 6.505218526111243591e+03 6.574787496612572795e+03 6.379912581582894745e+03
4.450000000000000000e+03 6.108503356213379448e+03 6.441366601697182887e+03 6.529812569081819674e+03 6.663073233030797383e+03 6.267808199379601319e+03
4.500000000000000000e+03 6.484964323496224097e+03 6.521018785664743518e+03 6.736467352338388991e+03 6.556684200532099567e+03 6.387637668773346377e+03
